29
29
29
29
29
29
29
30
33
34
34
35
35
35
35
35
35
35
35
35
35
35
35
35
35
35
35
35
35
35
35
42
45
45
48
49
51
51
52
53
54
54
55
56
56
57
57
58
58
58
58
58
58
59
59
59
59
60
60
60
60
60
60
60
60
60
61
61
61
62
62
62
62
63
63
63
63
64
64
64
64
64
64
64
65
65
65
65
65
65
65
65
66
66
66
66
66
66
66
66
66
66
66
67
67
67
67
67
67
67
67
67
67
67
67
68
68
68
68
68
68
68
68
68
68
69
69
69
69
70
70
70
70
70
70
70
70
70
70
70
70
70
70
70
70
70
70
70
70
70
70
70
70
70
71
71
71
71
71
71
71
71
71
71
71
71
71
71
71
71
71
71
71
71
71
71
71
71
71
71
71
71
71
71
71
71
71
71
71
71
71
71
71
71
71
71
71
71
71
71
71
71
71
71
71
71
71
71
71
71
71
71
71
71
71
71
71
71
71
71
71
71
71
71
71
71
71
71
71
71
71
71
71
71
71
71
71
71
71
71
71
71
71
71
71
71
71
71
71
71
71
71
71
71
71
71
71
71
71
71
71
71
71
71
71
71
71
71
71
71
72
72
72
72
72
72
72
72
72
72
72
72
72
72
72
72
72
72
72
72
72
72
72
72
72
72
72
72
72
72
72
72
72
72
72
72
72
72
72
72
72
72
72
72
72
72
72
72
72
72
72
72
72
72
72
72
72
72
72
72
72
72
72
72
72
72
72
72
72
72
72
72
72
72
72
72
72
72
72
72
72
72
72
72
72
72
72
72
72
72
72
72
72
72
72
72
73
73
73
73
73
73
73
73
73
73
73
73
73
73
73
73
73
73
73
73
73
73
73
73
73
73
73
73
73
73
73
73
73
73
74
74
74
74
74
74
74
74
74
74
74
75
75
75
75
75
75
75
75
76
76
76
76
76
76
76
76
76
76
76
77
77
77
77
77
77
77
77
78
78
78
78
78
78
79
79
79
79
79
79
79
79
80
80
80
80
80
80
80
81
81
81
81
81
81
81
81
81
81
81
81
81
81
81
81
81
81
81
81
81
81
81
81
81
81
82
82
82
82
82
82
82
82
82
82
82
82
83
83
83
83
83
83
83
83
83
83
83
84
84
84
84
85
85
85
85
86
86
86
86
86
86
86
86
87
87
87
87
87
87
87
87
88
88
88
88
88
88
89
89
89
89
89
89
90
90
90
90
90
90
90
90
90
90
90
90
90
90
90
90
91
91
91
91
91
91
91
91
91
91
91
91
91
92
92
92
92
92
92
92
92
92
92
93
93
93
93
93
93
93
94
94
94
94
94
94
94
94
95
95
95
95
95
95
95
96
96
96
96
96
96
96
96
96
97
97
97
97
97
97
97
97
98
98
98
98
98
98
98
98
98
98
98
98
98
98
99
99
99
99
99
99
99
99
99
99
99
99
99
99
99
99
99
99
99
99
100
100
100
100
100
100
100
100
101
101
101
102
102
102
102
104
104
104
105
105
105
105
106
106
106
106
106
106
106
106
107
107
107
107
108
108
108
108
108
109
109
109
110
110
110
111
111
112
112
114
114
114
114
114
115
115
115
115
116
116
116
117
117
117
117
117
118
118
118
119
120
120
120
121
121
121
122
122
122
122
122
122
122
122
122
122
122
123
123
124
124
125
125
125
126
126
126
126
126
126
127
127
128
128
129
129
130
130
131
131
131
131
131
131
132
132
132
132
133
133
133
133
133
133
133
134
134
134
134
134
134
134
134
134
134
134
134
134
134
134
134
134
134
134
134
134
134
134
134
134
134
134
134
134
134
134
134
134
134
134
134
134
134
134
134
134
134
134
134
134
134
134
134
134
134
134
134
134
134
134
134
134
134
134
134
134
134
134
134
134
134
134
134
134
134
134
134
134
134
134
134
134
134
134
134
134
134
134
134
134
134
134
134
134
134
134
134
134
134
134
134
134
134
134
134
134
134
135
135
135
135
135
135
135
135
136
136
136
136
136
136
136
136
136
136
136
137
137
137
137
137
138
138
138
138
138
138
139
139
139
139
139
139
139
139
139
139
139
139
139
139
139
139
139
139
139
139
139
140
140
140
140
140
140
140
141
141
141
141
141
142
142
142
142
142
142
142
142
142
143
143
143
143
143
143
144
144
144
144
144
145
146
146
146
146
146
146
147
147
147
147
147
147
148
148
149
149
149
149
149
149
149
150
150
150
150
150
150
151
151
152
152
153
154
154
154
155
156
157
158
158
158
159
160
160
160
161
161
161
161
163
163
163
163
163
163
164
165
165
167
167
168
170
170
172
172
173
174
174
176
176
177
183
185
185
190
190
191
191
191
191
191
194
197
199
199
200
200
200
200
200
200
200
200
200
201
201
203
204
206
207
207
209
209
209
210
210
210
210
211
213
214
217
218
218
218
219
219
220
220
220
222
222
222
223
223
223
224
224
224
225
225
225
226
226
226
227
227
228
229
230
230
231
231
231
231
232
232
234
236
236
236
236
237
237
237
237
238
239
240
240
241
241
241
243
243
244
244
245
248
248
248
250
250
251
251
251
251
252
252
254
254
254
255
256
257
257
257
258
258
259
260
260
261
262
262
262
262
262
264
265
265
265
265
265
266
266
266
266
266
266
266
267
267
269
270
271
271
272
273
273
273
273
274
274
275
275
276
276
276
277
278
278
279
279
279
280
280
280
280
280
280
281
281
282
283
284
284
285
286
286
286
286
287
287
287
288
288
288
289
289
290
290
290
290
290
290
290
290
291
291
292
292
294
294
294
294
294
294
295
295
295
295
295
295
298
298
298
298
298
298
298
299
299
299
299
299
299
299
299
299
300
300
300
300
300
300
300
300
300
300
300
301
301
302
302
302
302
303
304
304
304
305
305
305
306
306
307
307
307
308
308
308
309
309
309
309
309
309
310
310
310
311
311
311
311
312
312
313
313
313
313
314
314
314
314
314
314
315
315
315
315
315
316
316
316
316
316
317
317
317
317
317
318
318
318
318
318
319
319
320
320
321
321
321
321
322
322
322
322
323
323
323
323
324
324
324
325
325
325
325
326
326
326
327
327
327
327
328
328
328
329
329
330
330
330
330
330
331
332
332
332
332
332
332
332
333
333
333
333
333
334
334
334
335
335
335
336
336
338
338
339
339
339
339
339
339
340
341
341
341
341
342
343
343
343
343
343
344
344
344
345
345
345
345
346
346
346
347
347
347
347
347
348
348
348
348
349
349
349
349
349
349
349
349
350
350
350
350
350
350
350
351
351
351
351
351
351
351
351
352
352
352
352
352
353
353
353
353
353
353
353
353
354
355
356
356
356
356
356
358
358
358
358
358
359
359
360
360
360
361
361
362
362
362
362
362
362
362
363
363
364
364
364
365
365
365
365
365
366
366
366
366
366
367
367
367
367
367
368
368
368
369
369
369
369
369
369
370
370
370
370
370
370
371
371
371
371
371
372
373
373
374
374
374
375
375
376
377
377
377
377
377
377
377
378
378
379
379
379
379
380
380
380
380
381
381
381
381
381
381
382
382
382
382
382
382
383
384
384
385
385
385
386
386
386
386
386
386
386
386
386
387
387
387
387
387
387
387
387
388
388
388
388
388
389
389
389
389
389
389
390
390
390
390
390
391
391
391
392
392
392
392
392
392
392
393
393
393
393
393
394
394
394
395
396
396
396
396
396
397
397
397
397
398
398
398
398
399
399
399
399
399
399
399
400
400
400
400
400
400
400
400
400
400
400
400
400
400
400
400
400
401
401
401
401
401
401
401
401
401
401
401
401
402
402
402
402
403
403
403
404
404
404
404
405
405
405
405
405
405
405
406
406
406
406
407
407
407
407
407
407
407
407
407
407
408
408
408
408
408
408
408
408
409
409
409
409
409
409
409
409
409
410
410
410
410
410
410
411
411
411
411
411
411
412
412
412
412
412
412
412
412
412
412
412
412
412
412
412
412
412
412
412
412
412
412
412
412
412
412
412
412
412
412
413
413
413
413
413
413
413
413
413
414
414
414
414
414
415
415
415
415
415
415
415
415
416
416
416
417
417
417
417
417
417
418
418
418
418
418
418
419
419
419
419
419
419
420
420
420
420
420
420
420
421
421
421
421
421
421
422
422
422
422
423
423
423
423
424
424
424
424
424
424
424
425
425
426
427
427
427
427
427
427
427
427
427
427
427
428
428
428
428
428
429
429
430
430
431
431
431
431
431
431
432
432
432
433
433
433
433
434
434
434
434
434
434
434
435
435
435
435
435
435
436
436
436
436
436
436
436
437
437
437
437
437
438
438
438
438
439
439
439
439
439
439
439
439
440
440
440
440
441
441
442
442
442
442
442
442
443
443
443
443
444
444
445
445
445
445
445
446
446
446
446
446
446
447
447
448
448
448
448
448
449
449
449
449
449
449
449
449
450
450
450
450
450
450
450
450
450
450
451
451
451
451
451
451
451
451
452
452
452
452
452
452
453
453
453
454
454
454
454
454
454
454
454
455
455
455
455
456
456
456
457
457
457
457
457
457
458
458
458
458
458
458
458
458
458
459
459
460
460
460
461
461
461
461
462
463
463
463
463
464
464
464
464
464
464
464
465
465
465
466
466
466
466
466
466
466
466
467
467
467
467
468
468
468
469
469
469
469
470
470
470
470
470
470
470
470
471
471
471
472
472
472
472
473
473
473
474
474
474
475
475
475
475
475
475
475
475
475
475
476
476
476
477
477
477
477
478
478
478
479
479
479
479
479
480
480
480
481
481
481
481
481
482
482
482
482
482
482
482
482
482
483
483
483
483
483
483
483
483
484
484
484
484
485
485
485
486
486
486
486
486
486
486
487
487
487
487
487
487
487
487
488
488
488
488
488
488
489
489
489
489
489
489
489
489
490
490
490
490
491
491
491
491
491
491
491
491
491
492
492
492
492
492
492
492
492
492
492
492
492
492
492
492
492
492
492
492
492
492
492
492
492
493
493
493
493
493
493
493
494
494
494
494
494
495
495
495
495
495
495
496
496
496
496
496
496
496
496
496
496
497
497
497
497
497
497
498
498
498
498
498
498
498
498
498
499
499
499
499
499
499
499
499
499
499
499
499
499
499
499
499
499
500
500
500
500
500
500
500
500
500
500
500
500
500
500
500
500
500
500
500
500
500
500
500
501
501
501
501
501
501
502
502
502
502
502
502
502
503
503
503
503
503
504
504
504
504
505
505
505
505
505
505
505
505
505
505
506
506
506
506
506
507
507
507
507
507
507
507
508
508
508
508
508
509
509
509
509
510
510
510
510
510
510
510
510
511
511
511
512
512
512
512
512
512
513
513
513
513
513
513
514
514
514
514
514
514
514
514
514
514
514
515
515
515
515
516
516
516
516
517
517
517
517
517
517
518
518
518
518
518
519
519
519
519
519
520
520
520
520
520
520
520
520
520
520
521
521
521
522
522
522
522
522
522
523
523
523
523
523
523
524
524
524
525
525
525
525
525
525
525
525
526
526
526
526
526
526
527
527
527
527
528
528
528
528
528
528
528
528
528
528
528
528
528
528
528
528
528
528
528
528
528
528
528
528
528
528
528
528
528
528
529
529
529
529
529
529
530
530
530
530
530
530
531
531
531
531
531
531
531
531
532
532
532
532
532
532
533
533
533
533
533
533
533
533
534
534
535
535
535
535
535
535
536
536
536
536
536
536
536
536
537
537
537
537
537
537
537
537
538
538
538
538
538
539
539
539
539
539
540
540
540
540
540
541
541
541
541
541
541
542
542
542
542
542
542
542
542
543
543
543
543
543
544
544
544
544
544
544
544
544
545
545
545
545
545
545
545
546
546
546
547
547
547
547
547
548
548
548
548
548
548
548
548
548
548
548
549
549
549
550
550
550
550
551
551
551
551
551
551
551
551
551
552
552
552
552
552
552
552
553
553
553
553
553
553
553
554
554
554
554
555
555
555
555
556
556
556
556
556
556
556
556
556
557
557
557
557
557
557
558
558
558
558
558
558
558
558
558
559
559
559
559
559
559
559
559
559
559
560
560
560
560
560
561
561
561
561
561
561
561
562
562
562
563
563
563
563
564
564
564
564
564
564
564
565
565
565
565
565
565
565
565
565
566
566
566
566
566
567
567
567
567
567
568
568
568
568
568
568
568
569
569
569
569
569
570
570
570
570
570
570
570
571
571
571
572
572
572
572
572
573
573
573
573
574
574
574
574
574
574
574
575
575
575
575
575
575
575
575
576
576
576
576
576
576
576
577
577
577
578
578
578
578
578
579
579
579
579
579
579
580
580
580
580
580
580
581
581
581
581
581
581
581
581
582
582
582
582
582
582
582
582
582
582
582
583
583
583
583
583
583
583
584
584
584
584
584
584
584
585
585
585
585
585
586
586
586
586
586
586
586
586
587
587
587
587
587
587
588
588
588
588
588
588
588
589
589
589
589
589
589
589
589
589
590
590
591
591
591
591
591
591
591
591
591
592
592
592
592
592
592
592
592
592
592
592
592
592
593
593
593
593
593
593
593
593
593
593
594
594
594
594
594
594
594
594
594
594
594
594
594
594
594
594
594
594
594
594
594
594
594
594
594
594
594
594
594
595
595
595
595
595
596
596
596
596
596
596
597
597
597
597
597
597
598
598
598
598
598
598
598
598
598
599
599
599
599
599
600
600
600
600
600
600
600
600
600
600
600
600
600
600
600
600
600
600
600
600
600
600
601
601
601
601
601
601
601
601
602
602
602
602
602
602
602
602
603
603
603
603
603
603
603
603
603
603
604
604
604
604
604
604
604
605
605
605
605
605
605
605
605
605
605
606
606
606
606
607
607
607
607
607
607
608
608
608
608
608
608
608
608
608
609
609
609
609
609
609
609
610
610
610
611
611
611
612
612
612
612
612
612
613
613
613
613
613
613
613
614
614
614
614
614
614
614
615
615
615
615
615
615
615
616
616
616
617
617
617
617
618
618
618
618
618
619
619
619
619
620
620
620
620
620
621
621
621
621
621
621
622
622
622
622
623
623
623
623
623
623
623
623
624
624
624
624
624
624
624
624
624
625
625
625
626
626
626
626
626
626
626
626
627
627
627
627
627
627
628
628
628
628
628
628
628
628
628
628
628
628
628
628
629
629
629
629
629
629
629
630
630
630
630
630
631
631
631
631
631
631
631
632
632
632
632
632
632
632
633
633
633
633
633
634
634
635
635
635
635
635
635
635
635
635
636
636
636
636
636
636
636
636
637
637
637
637
637
637
638
638
638
638
638
638
639
639
639
639
639
639
639
639
640
640
640
640
640
640
640
640
640
640
640
640
641
641
641
641
641
641
641
641
642
642
642
642
642
642
642
643
643
643
643
643
644
644
644
644
644
644
645
645
645
645
645
645
645
646
646
646
646
646
646
646
646
647
647
647
647
647
647
647
648
648
648
648
649
649
649
649
649
650
650
650
650
650
650
650
650
650
650
650
651
651
651
651
651
651
651
651
652
652
652
652
652
652
652
653
653
653
653
653
653
653
653
653
653
653
654
654
654
654
654
654
655
655
655
655
655
655
655
656
656
656
656
656
656
656
656
656
656
657
657
657
657
657
658
658
658
658
658
658
658
658
658
659
659
659
659
659
659
660
660
660
660
661
661
661
661
661
661
661
662
662
662
662
662
662
662
662
663
663
663
664
664
664
664
665
665
665
666
666
666
666
666
666
666
666
666
667
667
667
667
667
667
667
667
667
668
668
668
668
668
669
669
669
669
669
669
669
670
670
670
670
670
670
671
671
671
671
671
671
672
672
672
672
672
673
673
673
673
673
674
674
674
674
674
674
674
675
675
675
675
675
675
676
676
676
676
676
676
676
676
677
677
677
677
677
677
677
677
677
678
678
678
678
678
679
679
679
679
679
679
679
679
679
679
679
679
679
679
679
679
679
680
680
680
680
680
680
680
680
680
681
681
681
681
681
681
681
681
681
682
682
682
682
682
682
682
683
683
683
683
683
683
684
684
685
685
685
685
685
685
686
686
686
686
686
686
686
686
686
686
687
687
687
687
687
687
687
687
688
688
688
688
688
688
688
689
689
689
689
689
689
689
689
690
690
690
690
691
691
691
692
692
692
692
692
692
693
693
693
693
693
693
693
693
693
693
693
693
693
694
694
694
694
694
694
695
695
695
696
696
696
696
696
697
697
697
697
697
697
697
698
698
698
698
698
698
698
699
699
699
699
699
699
699
699
699
700
700
700
700
700
700
700
700
700
700
700
700
700
700
700
700
700
700
700
700
701
701
701
701
701
701
701
702
702
702
702
702
702
702
703
703
703
703
703
703
703
703
703
703
704
704
704
704
705
705
705
705
705
705
705
705
705
705
706
706
706
706
706
706
706
706
706
706
707
707
708
708
708
708
708
709
709
709
709
709
710
710
710
710
710
710
710
711
711
711
711
711
711
711
712
712
712
712
712
712
713
713
713
713
714
714
714
714
714
714
714
715
715
715
715
716
716
716
716
716
716
716
716
716
717
717
717
717
717
717
717
717
718
718
718
718
718
718
718
719
719
719
719
719
719
719
719
719
719
720
720
720
720
720
720
720
720
720
720
721
721
721
721
721
721
721
722
722
722
722
722
722
722
722
722
722
723
723
723
723
723
723
723
723
723
723
723
723
723
723
724
724
724
724
724
724
724
724
724
724
724
725
725
725
725
725
726
726
726
726
726
726
726
726
727
727
727
727
727
727
727
727
727
727
727
728
728
728
728
728
728
728
728
729
729
729
729
729
729
730
730
730
730
730
730
730
730
731
731
731
731
731
732
732
732
732
732
732
732
732
732
733
733
733
733
733
733
733
733
733
734
734
734
734
734
734
734
735
735
735
735
736
736
736
736
737
737
737
737
737
737
738
738
738
738
738
738
739
739
739
739
739
739
739
739
740
740
740
740
740
740
740
740
740
740
741
741
741
741
741
741
741
742
742
742
742
742
742
742
742
743
743
743
743
743
743
743
743
743
743
743
743
743
744
744
744
744
744
744
744
745
745
745
745
745
745
745
745
745
745
745
745
745
746
746
746
746
746
747
747
747
748
748
748
748
748
748
748
749
749
749
750
750
750
750
750
750
750
750
750
750
750
750
751
751
751
751
751
751
751
752
752
753
753
753
753
754
754
754
754
754
754
755
755
755
755
755
755
755
755
756
756
756
756
756
756
756
756
756
756
756
756
756
757
757
757
757
757
757
757
758
758
758
758
758
758
758
759
759
759
759
759
759
760
760
760
760
760
760
760
760
760
760
761
761
761
761
761
761
761
761
761
762
762
762
762
762
763
763
763
763
764
764
764
764
764
764
764
764
764
765
765
765
765
765
765
765
765
765
766
766
766
766
767
767
767
767
767
767
768
768
769
769
769
769
769
769
769
769
770
770
770
770
770
770
770
770
770
770
770
770
770
772
772
772
773
773
773
773
773
773
773
773
773
773
773
773
773
774
774
774
774
774
774
774
774
774
774
775
775
775
775
775
775
775
775
776
776
776
776
777
777
777
777
777
777
777
777
777
778
778
778
778
778
778
778
778
778
779
779
779
779
779
779
779
779
780
780
780
780
780
780
780
780
781
781
781
781
782
782
782
782
782
782
782
782
782
782
783
783
783
783
783
784
784
784
785
785
785
785
785
785
785
785
785
785
785
785
785
785
786
786
786
786
787
787
787
787
787
788
788
788
788
788
788
788
788
788
788
789
789
789
790
790
790
790
790
790
790
791
791
791
791
792
792
792
792
792
792
792
793
793
793
793
793
793
793
793
794
794
794
794
794
794
794
794
794
794
795
795
795
795
795
795
795
795
795
795
795
796
796
796
796
797
797
797
798
798
798
798
798
798
798
798
799
799
799
799
799
799
799
799
799
799
799
799
800
800
800
800
800
800
800
800
800
800
800
800
800
800
800
801
801
801
801
801
801
802
802
802
802
802
802
803
803
804
804
804
804
805
805
805
806
806
806
806
806
806
806
807
807
807
807
807
807
807
807
807
808
808
808
808
808
808
808
808
808
808
809
809
809
809
809
809
809
809
809
809
810
810
810
810
810
810
810
810
811
811
812
812
812
812
812
812
812
812
812
813
813
813
813
813
813
813
814
814
814
814
814
815
815
815
816
816
816
816
816
816
816
817
817
817
817
817
817
817
817
817
818
818
818
818
818
819
819
819
819
819
819
820
820
820
821
821
821
821
821
821
822
822
822
822
822
822
822
822
822
822
823
823
823
823
823
824
824
824
824
824
824
824
824
824
825
825
825
825
826
826
826
826
827
827
827
827
827
827
828
828
828
828
828
828
828
828
829
829
829
829
829
830
830
830
830
830
831
831
831
831
831
832
832
832
833
833
833
833
833
833
833
833
833
833
834
834
835
835
835
836
836
836
836
836
837
837
837
837
837
837
837
838
838
838
838
838
838
838
838
838
838
838
838
838
838
839
839
839
839
839
839
839
839
839
839
839
840
840
841
841
842
842
842
842
842
842
842
842
842
842
843
843
843
844
844
844
844
845
845
845
845
845
846
846
846
846
846
846
846
847
847
847
847
847
847
847
847
847
848
848
848
848
848
848
848
849
849
849
850
850
850
850
850
850
850
850
850
850
850
850
851
851
851
851
851
851
852
852
852
852
853
853
853
853
853
853
853
853
853
853
853
854
854
854
854
854
854
855
855
855
855
855
855
855
856
856
856
856
856
856
856
856
856
857
857
857
857
857
859
859
859
859
859
859
859
859
859
859
860
860
860
861
861
861
861
861
861
862
862
862
862
862
862
862
863
863
863
863
863
863
864
864
864
864
864
864
864
864
864
864
864
865
865
865
865
865
866
866
866
866
867
867
867
867
867
867
869
869
869
869
869
869
869
869
870
870
870
870
870
870
870
870
870
870
870
871
871
871
871
871
872
872
872
872
872
872
872
873
873
873
873
874
874
874
874
874
874
874
874
874
874
875
875
875
875
876
876
876
876
876
877
877
877
877
877
877
878
878
878
878
879
879
879
879
879
880
880
880
881
881
881
881
881
881
881
881
881
881
882
882
883
883
883
883
883
883
884
884
884
884
884
884
884
885
885
885
885
886
886
886
886
887
887
887
887
887
888
888
888
888
888
889
889
889
889
889
889
889
889
890
890
890
890
890
890
891
891
891
891
892
892
892
892
893
893
893
894
894
894
894
894
894
895
895
895
895
895
895
896
896
896
896
896
896
896
896
896
896
896
897
897
897
897
897
897
897
897
898
898
899
899
899
899
899
900
900
900
900
900
900
900
900
900
901
901
901
901
901
901
902
902
902
902
902
903
903
903
903
903
903
903
903
903
903
904
904
904
904
904
904
905
905
905
905
905
905
905
905
905
906
906
906
906
906
906
907
907
907
907
907
907
908
908
908
908
909
909
909
909
909
909
909
909
909
909
910
910
910
910
910
910
910
910
910
910
910
910
911
911
911
911
911
912
912
912
912
912
912
912
912
912
913
913
913
913
913
913
913
913
914
914
914
915
915
916
916
916
917
917
917
917
917
917
918
918
918
918
918
918
918
919
919
919
919
919
920
920
920
920
921
921
921
921
922
922
922
922
923
923
923
923
923
924
924
924
924
924
924
924
924
924
924
925
925
925
925
925
925
925
926
926
926
926
926
926
926
927
927
927
927
927
927
928
928
928
928
929
929
929
929
929
929
930
930
930
930
930
931
931
931
932
932
932
932
932
933
933
933
933
934
934
934
934
934
934
934
934
934
934
934
934
935
935
935
935
936
936
936
936
937
937
937
937
938
938
938
938
938
938
938
938
939
939
939
939
939
939
939
939
939
939
939
940
940
940
940
940
940
940
940
941
942
942
942
942
942
942
942
943
944
944
944
944
944
944
945
945
946
946
946
946
946
946
947
947
947
947
947
947
947
947
947
947
947
947
948
948
948
949
949
949
949
950
950
950
950
950
950
950
951
951
951
951
951
951
951
951
951
951
952
952
952
952
953
953
953
953
953
953
954
954
954
954
954
954
954
955
956
956
956
956
956
957
957
957
957
957
957
958
958
958
959
959
959
959
959
959
959
959
959
959
959
960
960
960
960
960
961
961
961
961
962
962
962
962
962
962
962
963
963
963
963
963
963
963
963
964
964
964
964
964
964
965
965
965
966
966
966
966
966
966
967
967
967
967
967
967
968
968
968
969
969
969
969
969
969
970
970
970
970
970
970
971
971
971
971
971
972
972
972
972
972
973
973
973
973
973
973
973
974
974
974
975
975
975
976
976
976
976
977
977
977
977
978
978
978
978
978
978
979
979
979
980
980
980
980
980
980
980
980
981
981
981
981
981
981
982
982
982
982
982
982
983
983
983
983
983
983
983
984
984
984
984
984
984
984
984
985
985
985
985
986
986
986
986
986
986
986
986
986
987
987
987
987
987
988
988
988
988
988
988
989
989
989
989
990
990
990
990
990
991
991
991
991
991
991
991
991
992
992
992
992
993
993
993
994
994
994
994
995
995
995
995
995
996
996
996
996
996
996
997
997
997
997
997
998
998
998
998
998
998
998
998
998
999
999
999
999
999
1000
1000
1000
1000
1000
1000
1000
1000
1000
1000
1000
1001
1001
1001
1001
1001
1001
1002
1002
1002
1002
1003
1003
1003
1004
1004
1004
1004
1005
1005
1005
1005
1005
1006
1006
1006
1006
1006
1006
1006
1007
1007
1007
1007
1007
1008
1008
1008
1008
1008
1008
1009
1009
1009
1009
1009
1010
1010
1010
1010
1010
1011
1011
1011
1012
1012
1012
1013
1013
1013
1013
1013
1013
1014
1014
1014
1014
1014
1015
1015
1015
1015
1016
1016
1016
1016
1016
1016
1016
1017
1017
1017
1017
1018
1018
1018
1018
1018
1018
1018
1019
1019
1019
1019
1019
1019
1019
1020
1020
1020
1021
1021
1021
1021
1021
1022
1022
1022
1022
1022
1022
1022
1022
1022
1022
1022
1022
1022
1022
1022
1022
1022
1022
1022
1022
1022
1022
1022
1022
1022
1022
1022
1022
1022
1022
1023
1023
1023
1023
1023
1023
1023
1024
1024
1024
1024
1025
1025
1025
1026
1026
1026
1026
1026
1027
1027
1027
1027
1027
1027
1027
1027
1027
1027
1028
1028
1028
1028
1029
1029
1029
1029
1029
1029
1030
1030
1030
1030
1030
1030
1030
1030
1030
1030
1030
1031
1031
1032
1032
1032
1032
1032
1033
1033
1033
1033
1033
1033
1033
1033
1034
1034
1034
1034
1035
1035
1035
1035
1035
1035
1035
1035
1036
1036
1036
1036
1036
1036
1036
1037
1037
1037
1037
1038
1038
1038
1038
1038
1039
1040
1040
1041
1041
1041
1041
1041
1041
1041
1041
1042
1042
1042
1042
1043
1043
1043
1043
1043
1043
1043
1043
1043
1044
1044
1044
1045
1045
1045
1046
1046
1046
1046
1047
1047
1047
1047
1047
1047
1048
1048
1048
1048
1048
1049
1049
1049
1049
1049
1049
1050
1050
1050
1050
1050
1050
1050
1051
1051
1051
1051
1052
1052
1052
1052
1053
1054
1054
1054
1055
1055
1055
1056
1056
1056
1056
1056
1056
1056
1057
1057
1057
1057
1057
1057
1057
1057
1058
1058
1058
1058
1058
1059
1059
1059
1059
1059
1059
1060
1060
1060
1061
1061
1061
1061
1061
1061
1062
1062
1062
1062
1063
1063
1063
1063
1063
1063
1064
1064
1064
1065
1065
1065
1065
1065
1066
1066
1066
1067
1068
1068
1068
1068
1068
1069
1069
1069
1069
1069
1069
1069
1069
1070
1070
1070
1070
1070
1070
1070
1071
1071
1071
1071
1072
1072
1072
1072
1072
1072
1072
1073
1073
1074
1074
1074
1074
1074
1075
1075
1075
1075
1075
1076
1076
1076
1076
1076
1077
1077
1078
1078
1078
1078
1078
1079
1079
1079
1079
1080
1080
1080
1080
1080
1080
1080
1081
1081
1081
1081
1082
1082
1082
1083
1083
1083
1083
1084
1084
1084
1084
1084
1085
1085
1086
1086
1086
1086
1086
1086
1086
1086
1087
1087
1087
1087
1087
1087
1087
1087
1087
1087
1087
1088
1088
1088
1088
1088
1089
1089
1089
1089
1089
1090
1090
1090
1090
1091
1091
1091
1091
1091
1091
1091
1091
1092
1092
1092
1092
1092
1093
1093
1093
1093
1093
1093
1095
1095
1095
1095
1095
1096
1096
1096
1096
1096
1096
1096
1096
1097
1097
1097
1097
1097
1097
1098
1098
1098
1098
1098
1098
1098
1098
1099
1099
1099
1099
1099
1099
1099
1099
1099
1100
1100
1100
1100
1100
1100
1100
1100
1101
1101
1101
1101
1101
1101
1102
1102
1102
1102
1102
1102
1103
1103
1103
1103
1103
1103
1103
1103
1103
1104
1104
1104
1104
1104
1104
1104
1104
1105
1105
1105
1105
1105
1106
1106
1106
1106
1106
1106
1106
1107
1107
1107
1107
1107
1107
1108
1108
1108
1108
1108
1108
1109
1109
1109
1109
1109
1109
1110
1110
1110
1111
1111
1111
1111
1111
1112
1112
1112
1113
1113
1113
1113
1113
1113
1113
1113
1113
1113
1113
1113
1114
1114
1115
1115
1115
1115
1116
1116
1116
1116
1117
1117
1117
1117
1117
1118
1118
1118
1119
1119
1119
1119
1119
1119
1119
1120
1120
1120
1120
1120
1120
1121
1121
1121
1121
1121
1122
1123
1123
1123
1123
1123
1123
1123
1123
1124
1124
1124
1125
1125
1125
1125
1125
1125
1126
1126
1127
1127
1127
1127
1128
1128
1128
1128
1129
1129
1129
1129
1129
1129
1129
1129
1129
1130
1130
1130
1131
1131
1131
1131
1131
1131
1131
1132
1132
1132
1133
1133
1133
1133
1133
1133
1133
1133
1134
1134
1135
1135
1135
1135
1135
1135
1136
1136
1136
1136
1136
1136
1136
1136
1136
1136
1136
1137
1137
1137
1137
1137
1137
1137
1138
1138
1138
1138
1138
1138
1139
1139
1140
1140
1140
1140
1140
1140
1140
1141
1141
1141
1141
1141
1141
1142
1142
1142
1142
1142
1142
1142
1143
1143
1143
1143
1143
1143
1144
1144
1145
1145
1145
1145
1145
1145
1146
1146
1146
1146
1146
1146
1146
1147
1147
1147
1147
1148
1148
1149
1149
1149
1149
1149
1150
1150
1150
1151
1152
1152
1152
1153
1153
1153
1153
1153
1153
1153
1154
1154
1154
1154
1154
1154
1155
1155
1155
1156
1156
1156
1156
1156
1156
1156
1157
1157
1157
1157
1157
1158
1158
1158
1158
1158
1158
1158
1159
1159
1159
1159
1160
1160
1160
1160
1160
1160
1160
1160
1160
1161
1161
1161
1161
1162
1162
1162
1162
1162
1162
1163
1163
1163
1163
1163
1163
1164
1164
1164
1164
1165
1165
1165
1165
1165
1165
1165
1165
1166
1166
1166
1166
1166
1166
1166
1166
1166
1166
1166
1166
1166
1166
1167
1167
1167
1167
1167
1167
1167
1168
1168
1168
1168
1169
1169
1169
1169
1169
1170
1170
1170
1170
1171
1171
1171
1171
1171
1171
1172
1172
1172
1172
1172
1172
1173
1173
1173
1173
1173
1173
1173
1173
1174
1174
1174
1174
1174
1175
1175
1175
1175
1175
1175
1175
1175
1176
1176
1176
1176
1176
1176
1176
1176
1176
1177
1177
1177
1177
1178
1178
1178
1178
1178
1178
1178
1178
1178
1178
1178
1178
1179
1179
1179
1179
1180
1180
1180
1180
1180
1181
1181
1181
1181
1182
1182
1182
1183
1183
1183
1183
1183
1183
1183
1183
1183
1184
1184
1184
1184
1184
1185
1185
1185
1185
1185
1186
1186
1186
1186
1186
1186
1186
1186
1186
1187
1187
1187
1187
1187
1187
1187
1187
1187
1188
1188
1188
1189
1189
1189
1189
1190
1190
1190
1191
1191
1191
1191
1192
1192
1192
1192
1192
1192
1192
1192
1193
1193
1193
1193
1193
1193
1193
1194
1194
1194
1195
1195
1195
1195
1195
1195
1195
1195
1195
1196
1196
1196
1196
1197
1197
1197
1197
1197
1197
1197
1197
1198
1198
1198
1198
1199
1199
1199
1199
1200
1200
1200
1200
1200
1200
1200
1200
1200
1200
1200
1200
1201
1201
1201
1201
1201
1201
1201
1202
1202
1203
1203
1203
1203
1203
1204
1204
1204
1204
1204
1204
1204
1205
1205
1205
1205
1205
1205
1205
1205
1206
1206
1206
1206
1206
1206
1206
1207
1207
1207
1207
1208
1208
1209
1209
1209
1209
1209
1209
1209
1209
1210
1211
1211
1211
1211
1211
1212
1212
1212
1212
1212
1213
1214
1214
1214
1214
1214
1214
1214
1214
1215
1215
1215
1215
1215
1216
1216
1216
1216
1216
1217
1217
1217
1217
1217
1218
1218
1218
1218
1218
1219
1219
1219
1219
1220
1220
1220
1220
1220
1220
1221
1221
1221
1221
1221
1222
1222
1222
1222
1222
1223
1223
1223
1223
1223
1224
1224
1224
1224
1224
1224
1224
1224
1224
1224
1225
1225
1225
1225
1225
1226
1226
1226
1226
1227
1227
1227
1227
1227
1227
1227
1228
1228
1228
1228
1228
1228
1228
1228
1228
1228
1228
1229
1229
1229
1229
1229
1229
1229
1229
1230
1230
1231
1231
1232
1232
1232
1232
1232
1232
1233
1233
1233
1233
1233
1234
1234
1234
1234
1235
1235
1235
1235
1235
1235
1235
1235
1236
1236
1236
1236
1237
1237
1237
1237
1237
1237
1238
1238
1238
1238
1239
1239
1239
1239
1240
1240
1240
1240
1240
1240
1240
1240
1240
1241
1241
1241
1241
1242
1242
1242
1242
1242
1243
1243
1243
1244
1244
1244
1245
1245
1245
1245
1245
1246
1246
1246
1246
1247
1247
1247
1247
1247
1247
1247
1248
1249
1249
1249
1249
1249
1249
1250
1250
1250
1250
1250
1251
1251
1251
1251
1251
1251
1252
1252
1252
1252
1252
1252
1254
1254
1254
1255
1255
1256
1256
1256
1256
1257
1257
1257
1257
1257
1257
1258
1258
1258
1258
1258
1258
1258
1258
1258
1259
1259
1259
1259
1260
1260
1261
1261
1261
1261
1262
1262
1262
1262
1262
1263
1263
1263
1263
1264
1264
1264
1264
1264
1264
1264
1265
1265
1265
1265
1265
1265
1266
1267
1267
1268
1268
1268
1268
1269
1269
1269
1269
1269
1269
1269
1270
1271
1271
1271
1271
1272
1272
1272
1272
1272
1272
1272
1273
1273
1273
1274
1274
1274
1274
1274
1274
1274
1275
1275
1275
1276
1276
1276
1276
1276
1277
1277
1278
1278
1278
1279
1279
1279
1280
1280
1280
1280
1281
1281
1281
1281
1281
1281
1282
1282
1282
1282
1282
1282
1283
1283
1283
1283
1283
1283
1283
1284
1284
1284
1284
1284
1284
1284
1285
1285
1285
1285
1285
1285
1285
1285
1286
1287
1287
1287
1287
1287
1288
1289
1289
1289
1289
1289
1289
1290
1290
1292
1292
1292
1292
1292
1293
1293
1293
1293
1293
1293
1293
1294
1294
1294
1294
1295
1295
1295
1295
1295
1295
1296
1296
1296
1296
1296
1297
1297
1297
1297
1297
1297
1297
1298
1298
1298
1299
1299
1299
1299
1299
1299
1299
1299
1300
1300
1300
1300
1300
1300
1300
1300
1300
1301
1301
1301
1302
1302
1302
1302
1302
1303
1303
1303
1303
1304
1304
1304
1304
1304
1304
1304
1304
1304
1305
1305
1305
1305
1305
1305
1306
1306
1306
1306
1306
1306
1306
1306
1307
1307
1307
1307
1307
1307
1308
1308
1308
1308
1308
1309
1309
1309
1309
1309
1309
1309
1309
1309
1309
1309
1310
1310
1310
1310
1310
1310
1310
1311
1311
1311
1311
1311
1311
1312
1312
1312
1312
1312
1313
1313
1313
1313
1313
1314
1314
1314
1314
1315
1315
1315
1315
1316
1316
1316
1316
1316
1317
1317
1317
1317
1317
1317
1318
1318
1318
1319
1319
1319
1319
1320
1320
1320
1320
1321
1321
1321
1321
1322
1322
1322
1322
1323
1323
1323
1323
1323
1324
1324
1324
1324
1324
1325
1325
1326
1326
1326
1326
1326
1326
1327
1327
1327
1327
1327
1327
1328
1328
1328
1328
1328
1328
1329
1329
1329
1329
1329
1330
1330
1330
1330
1330
1330
1331
1331
1331
1331
1331
1331
1332
1333
1333
1334
1334
1334
1334
1334
1334
1335
1335
1335
1335
1336
1336
1337
1337
1337
1337
1337
1338
1338
1338
1338
1338
1339
1339
1339
1339
1339
1339
1340
1340
1340
1340
1340
1340
1341
1341
1341
1341
1342
1342
1342
1342
1343
1343
1343
1343
1343
1344
1344
1344
1345
1345
1345
1345
1345
1346
1346
1346
1346
1346
1347
1347
1347
1347
1347
1347
1348
1349
1350
1350
1351
1351
1351
1352
1352
1352
1352
1352
1353
1353
1353
1353
1353
1353
1353
1354
1355
1355
1355
1355
1355
1356
1356
1356
1356
1356
1357
1358
1358
1358
1358
1358
1359
1359
1359
1359
1360
1360
1360
1360
1360
1360
1360
1361
1361
1361
1361
1361
1361
1361
1361
1362
1362
1363
1363
1363
1363
1363
1363
1364
1364
1364
1364
1364
1365
1365
1365
1366
1366
1366
1366
1366
1366
1366
1366
1367
1367
1367
1367
1367
1368
1368
1368
1368
1368
1369
1369
1369
1369
1369
1369
1370
1370
1370
1371
1371
1372
1372
1372
1373
1373
1374
1374
1374
1374
1375
1375
1375
1375
1376
1376
1376
1376
1376
1377
1377
1378
1378
1378
1378
1378
1378
1378
1378
1379
1379
1380
1380
1380
1380
1381
1381
1381
1382
1382
1382
1382
1382
1382
1383
1383
1383
1383
1383
1384
1384
1385
1385
1385
1386
1386
1386
1386
1386
1386
1386
1386
1386
1387
1387
1387
1388
1388
1388
1389
1389
1389
1389
1390
1390
1391
1391
1392
1392
1392
1392
1392
1392
1392
1392
1392
1393
1393
1393
1393
1393
1393
1393
1393
1394
1394
1394
1394
1394
1394
1395
1395
1395
1395
1396
1396
1396
1397
1397
1397
1397
1397
1397
1398
1398
1398
1399
1399
1399
1399
1400
1400
1400
1400
1400
1400
1400
1401
1401
1401
1402
1403
1403
1404
1404
1404
1404
1404
1404
1405
1406
1406
1406
1406
1406
1406
1406
1406
1406
1406
1407
1407
1407
1407
1407
1408
1408
1408
1408
1408
1408
1408
1409
1409
1409
1410
1410
1410
1410
1410
1410
1410
1410
1411
1411
1412
1412
1412
1412
1412
1412
1413
1413
1413
1413
1413
1413
1414
1414
1414
1414
1415
1415
1415
1416
1416
1417
1417
1417
1417
1417
1418
1418
1418
1418
1419
1419
1419
1419
1420
1420
1420
1420
1421
1421
1421
1421
1421
1422
1422
1422
1422
1422
1422
1422
1422
1423
1423
1423
1424
1424
1424
1424
1425
1425
1425
1425
1425
1425
1426
1426
1426
1426
1426
1426
1426
1426
1427
1427
1427
1427
1427
1428
1428
1428
1429
1429
1429
1430
1430
1430
1430
1430
1430
1430
1431
1431
1431
1432
1432
1432
1432
1433
1433
1433
1433
1433
1434
1434
1434
1435
1435
1435
1435
1435
1435
1435
1435
1436
1436
1436
1436
1436
1436
1437
1437
1437
1437
1437
1437
1438
1438
1438
1438
1439
1439
1439
1439
1439
1440
1440
1440
1440
1441
1441
1441
1441
1442
1442
1442
1442
1442
1442
1442
1442
1443
1443
1443
1443
1443
1443
1443
1443
1444
1444
1444
1444
1445
1445
1445
1445
1446
1446
1447
1447
1447
1447
1447
1448
1448
1449
1449
1449
1449
1449
1449
1449
1449
1449
1450
1450
1450
1450
1450
1450
1451
1451
1451
1451
1451
1452
1452
1452
1453
1453
1453
1453
1453
1454
1455
1455
1456
1456
1456
1456
1456
1456
1457
1457
1457
1458
1458
1458
1458
1459
1459
1460
1460
1460
1460
1460
1460
1461
1461
1461
1461
1461
1461
1462
1462
1462
1462
1462
1462
1462
1463
1463
1463
1463
1464
1464
1464
1465
1465
1466
1466
1466
1466
1467
1467
1467
1467
1468
1468
1468
1468
1469
1469
1469
1469
1469
1469
1469
1469
1470
1470
1470
1471
1471
1471
1472
1472
1472
1473
1473
1473
1473
1473
1473
1474
1474
1474
1475
1475
1475
1476
1476
1476
1476
1476
1476
1476
1477
1477
1477
1477
1477
1478
1478
1479
1479
1479
1479
1479
1479
1480
1480
1480
1480
1480
1480
1481
1481
1481
1481
1481
1481
1482
1482
1482
1482
1482
1483
1483
1483
1483
1483
1483
1483
1483
1484
1484
1484
1485
1485
1485
1485
1485
1485
1486
1486
1487
1487
1487
1487
1488
1488
1488
1488
1488
1488
1488
1489
1489
1489
1489
1489
1490
1490
1490
1490
1491
1491
1491
1492
1492
1492
1493
1493
1494
1494
1495
1495
1495
1496
1496
1496
1496
1496
1496
1497
1497
1497
1497
1497
1497
1497
1498
1498
1498
1498
1499
1499
1499
1499
1500
1500
1500
1500
1500
1500
1501
1501
1501
1502
1502
1502
1502
1503
1503
1503
1503
1504
1504
1504
1504
1504
1505
1505
1505
1505
1505
1505
1505
1505
1506
1506
1506
1507
1507
1508
1508
1508
1509
1509
1510
1510
1510
1510
1511
1511
1511
1511
1511
1511
1511
1511
1512
1512
1512
1512
1512
1512
1512
1512
1513
1513
1513
1513
1514
1514
1514
1514
1514
1515
1515
1515
1515
1515
1516
1516
1516
1516
1516
1516
1517
1517
1518
1518
1518
1518
1518
1519
1519
1519
1520
1520
1520
1520
1521
1521
1521
1521
1522
1522
1522
1523
1523
1523
1524
1524
1524
1524
1524
1524
1525
1525
1525
1525
1525
1525
1526
1526
1526
1526
1527
1528
1528
1529
1529
1529
1529
1529
1529
1530
1530
1530
1530
1531
1531
1531
1531
1531
1532
1532
1532
1532
1532
1532
1533
1533
1533
1533
1533
1533
1534
1534
1534
1534
1534
1535
1535
1535
1535
1535
1535
1535
1535
1536
1536
1536
1536
1537
1537
1537
1538
1538
1538
1538
1539
1539
1539
1539
1539
1539
1540
1540
1540
1540
1541
1541
1542
1542
1542
1543
1543
1543
1543
1544
1544
1544
1544
1544
1544
1545
1545
1545
1545
1545
1545
1545
1545
1545
1545
1545
1546
1546
1546
1546
1546
1547
1548
1548
1548
1548
1548
1549
1549
1550
1550
1551
1551
1551
1551
1551
1551
1552
1552
1552
1552
1553
1553
1553
1553
1554
1554
1555
1555
1555
1555
1555
1555
1556
1557
1557
1558
1558
1558
1558
1558
1559
1559
1559
1559
1559
1559
1559
1559
1560
1560
1560
1560
1561
1561
1561
1561
1561
1562
1562
1562
1563
1563
1563
1563
1563
1563
1563
1563
1564
1565
1565
1565
1566
1566
1566
1566
1568
1569
1569
1569
1570
1570
1570
1570
1570
1572
1572
1572
1573
1573
1573
1573
1573
1574
1574
1574
1574
1574
1574
1575
1575
1576
1577
1578
1578
1579
1579
1579
1579
1580
1580
1581
1581
1581
1581
1582
1582
1582
1583
1583
1583
1583
1583
1584
1585
1585
1585
1586
1586
1586
1586
1586
1586
1587
1587
1587
1588
1588
1588
1588
1588
1589
1589
1589
1589
1589
1589
1590
1590
1590
1590
1590
1590
1590
1590
1590
1590
1590
1591
1591
1591
1591
1592
1593
1593
1593
1593
1593
1594
1594
1594
1594
1594
1594
1594
1595
1595
1596
1596
1596
1596
1597
1597
1597
1597
1597
1597
1598
1598
1599
1599
1599
1600
1600
1600
1600
1601
1601
1601
1601
1601
1601
1602
1602
1602
1602
1602
1602
1603
1603
1603
1603
1603
1604
1604
1604
1604
1604
1605
1605
1605
1605
1606
1606
1606
1606
1606
1607
1607
1607
1608
1609
1609
1609
1610
1610
1610
1610
1610
1611
1611
1611
1611
1611
1611
1612
1613
1613
1613
1614
1614
1614
1615
1616
1616
1616
1616
1616
1617
1617
1617
1618
1618
1618
1618
1619
1619
1619
1620
1620
1620
1620
1620
1621
1621
1621
1621
1621
1622
1622
1622
1622
1623
1623
1623
1623
1623
1624
1624
1624
1625
1625
1625
1625
1626
1626
1626
1627
1627
1628
1628
1629
1630
1630
1630
1630
1630
1630
1630
1631
1631
1631
1632
1633
1633
1633
1633
1633
1633
1633
1634
1635
1635
1635
1636
1636
1636
1637
1637
1637
1637
1637
1638
1638
1638
1638
1639
1639
1640
1640
1640
1640
1641
1642
1642
1642
1642
1643
1644
1644
1644
1644
1644
1645
1645
1645
1645
1645
1646
1646
1646
1646
1647
1647
1647
1647
1648
1648
1648
1648
1649
1649
1650
1650
1650
1650
1650
1651
1651
1651
1651
1651
1651
1652
1652
1652
1652
1653
1653
1653
1654
1654
1654
1655
1655
1655
1655
1655
1655
1656
1656
1656
1656
1656
1656
1657
1657
1657
1657
1658
1658
1658
1658
1659
1659
1659
1660
1660
1660
1660
1660
1661
1661
1662
1662
1662
1662
1662
1662
1663
1663
1663
1663
1663
1663
1664
1664
1664
1664
1664
1664
1664
1664
1664
1665
1665
1666
1666
1667
1667
1667
1667
1667
1667
1668
1668
1669
1669
1669
1669
1669
1669
1670
1670
1670
1670
1670
1670
1670
1670
1671
1671
1671
1671
1671
1671
1672
1672
1672
1673
1673
1673
1674
1674
1674
1674
1674
1674
1675
1675
1675
1675
1676
1676
1676
1676
1676
1677
1677
1677
1678
1678
1678
1678
1678
1678
1679
1679
1679
1679
1679
1679
1679
1680
1680
1680
1680
1680
1680
1681
1681
1681
1681
1682
1682
1682
1682
1682
1683
1683
1683
1683
1683
1683
1684
1684
1684
1684
1684
1684
1685
1685
1685
1685
1685
1685
1685
1685
1685
1685
1685
1685
1686
1686
1686
1687
1687
1687
1687
1687
1688
1688
1689
1689
1689
1689
1690
1690
1690
1691
1691
1691
1691
1692
1692
1692
1692
1693
1693
1693
1693
1693
1693
1693
1693
1693
1694
1694
1694
1694
1694
1695
1695
1695
1695
1696
1696
1696
1696
1697
1698
1698
1698
1698
1698
1699
1699
1699
1700
1700
1700
1700
1700
1701
1702
1702
1702
1703
1703
1703
1703
1704
1704
1704
1704
1705
1705
1705
1706
1707
1707
1707
1708
1708
1708
1708
1709
1709
1709
1709
1710
1710
1710
1710
1711
1711
1711
1711
1711
1711
1711
1712
1712
1712
1712
1712
1712
1712
1713
1713
1713
1713
1713
1713
1714
1714
1714
1714
1714
1716
1716
1716
1716
1716
1716
1716
1716
1716
1717
1717
1717
1717
1717
1718
1718
1718
1718
1718
1719
1719
1720
1720
1720
1720
1721
1721
1721
1722
1722
1722
1722
1722
1722
1723
1723
1723
1723
1723
1723
1724
1725
1725
1725
1726
1726
1726
1727
1727
1727
1728
1729
1730
1731
1731
1731
1731
1731
1732
1732
1732
1732
1733
1733
1733
1733
1733
1734
1734
1735
1735
1735
1735
1736
1737
1737
1737
1737
1738
1738
1738
1739
1739
1739
1739
1739
1740
1740
1741
1742
1742
1742
1742
1742
1743
1743
1743
1743
1743
1744
1744
1744
1745
1745
1745
1745
1745
1745
1746
1746
1746
1747
1747
1747
1747
1747
1747
1747
1748
1749
1749
1749
1749
1749
1750
1750
1751
1751
1751
1751
1752
1752
1752
1752
1752
1752
1752
1752
1752
1752
1753
1753
1753
1753
1753
1753
1754
1754
1754
1755
1755
1755
1755
1755
1755
1755
1756
1756
1756
1756
1756
1756
1756
1756
1756
1756
1757
1757
1757
1757
1758
1758
1759
1759
1759
1759
1759
1760
1760
1760
1760
1761
1762
1762
1763
1763
1763
1764
1764
1764
1764
1765
1765
1765
1765
1765
1766
1766
1766
1766
1766
1766
1767
1767
1767
1767
1768
1768
1768
1768
1768
1769
1769
1769
1769
1769
1769
1769
1770
1770
1770
1771
1771
1771
1771
1771
1771
1772
1772
1773
1773
1773
1773
1773
1773
1773
1773
1773
1774
1774
1774
1774
1775
1775
1775
1775
1775
1775
1775
1775
1775
1775
1776
1776
1776
1777
1777
1777
1778
1778
1778
1779
1779
1780
1781
1781
1781
1782
1782
1782
1783
1784
1784
1784
1784
1784
1784
1785
1785
1785
1785
1786
1786
1786
1786
1786
1786
1786
1787
1787
1787
1787
1787
1788
1788
1788
1788
1788
1789
1789
1789
1790
1790
1790
1790
1790
1791
1791
1791
1792
1792
1792
1793
1793
1794
1794
1795
1795
1795
1796
1796
1796
1797
1797
1797
1797
1798
1798
1799
1799
1799
1799
1800
1800
1800
1800
1800
1800
1801
1801
1802
1802
1802
1802
1802
1802
1802
1803
1803
1803
1803
1803
1803
1803
1804
1804
1804
1804
1804
1804
1805
1807
1808
1808
1808
1808
1809
1809
1809
1809
1809
1809
1810
1810
1810
1810
1811
1812
1813
1813
1813
1814
1814
1814
1814
1814
1814
1814
1815
1815
1815
1815
1815
1815
1815
1816
1816
1816
1816
1816
1816
1817
1817
1817
1818
1818
1818
1820
1820
1820
1820
1820
1821
1821
1821
1821
1822
1822
1822
1822
1822
1823
1823
1824
1824
1824
1825
1825
1825
1825
1826
1826
1827
1828
1828
1828
1828
1828
1829
1830
1830
1830
1830
1830
1830
1830
1831
1831
1831
1831
1831
1832
1832
1833
1833
1833
1834
1834
1835
1836
1837
1837
1838
1838
1838
1838
1838
1838
1839
1839
1839
1839
1839
1840
1841
1841
1843
1843
1844
1845
1845
1845
1845
1846
1846
1847
1847
1847
1848
1848
1849
1849
1849
1849
1849
1850
1850
1850
1850
1850
1850
1851
1851
1851
1851
1852
1852
1852
1853
1853
1854
1854
1854
1854
1854
1855
1855
1855
1856
1856
1858
1858
1858
1858
1859
1859
1859
1859
1859
1859
1859
1860
1861
1861
1861
1861
1861
1862
1862
1862
1862
1862
1862
1862
1863
1863
1863
1864
1864
1864
1865
1865
1865
1866
1866
1866
1866
1866
1867
1867
1867
1867
1868
1868
1869
1869
1869
1869
1870
1870
1870
1870
1871
1871
1871
1872
1872
1873
1873
1873
1873
1874
1874
1874
1874
1874
1876
1876
1876
1877
1877
1877
1877
1877
1878
1878
1879
1879
1879
1880
1880
1880
1880
1880
1881
1882
1882
1882
1883
1883
1884
1885
1885
1885
1886
1886
1886
1887
1887
1887
1887
1888
1888
1888
1888
1889
1889
1889
1889
1889
1889
1889
1889
1890
1890
1890
1890
1890
1890
1890
1890
1891
1891
1891
1891
1891
1892
1892
1893
1893
1893
1893
1893
1894
1894
1894
1895
1895
1895
1896
1896
1896
1896
1896
1897
1897
1897
1897
1898
1898
1898
1898
1898
1899
1899
1899
1899
1899
1899
1900
1900
1900
1901
1901
1901
1901
1901
1902
1902
1902
1902
1902
1903
1903
1903
1904
1904
1905
1905
1905
1906
1906
1907
1907
1907
1908
1908
1909
1909
1909
1910
1910
1910
1910
1911
1911
1912
1913
1913
1913
1913
1913
1914
1914
1914
1915
1915
1915
1915
1915
1915
1915
1916
1917
1917
1917
1917
1917
1918
1918
1918
1918
1920
1920
1920
1921
1921
1921
1921
1922
1922
1922
1922
1923
1923
1923
1923
1924
1924
1924
1924
1924
1925
1926
1926
1927
1928
1928
1928
1928
1928
1928
1928
1929
1930
1930
1931
1931
1931
1931
1932
1932
1932
1932
1932
1932
1932
1932
1933
1933
1933
1934
1934
1934
1934
1934
1934
1935
1935
1936
1936
1936
1936
1937
1937
1937
1938
1939
1939
1939
1939
1940
1940
1941
1941
1941
1942
1942
1942
1943
1943
1943
1944
1945
1945
1945
1946
1946
1946
1947
1947
1947
1948
1948
1948
1948
1948
1950
1950
1950
1950
1950
1951
1951
1951
1951
1952
1952
1952
1953
1953
1953
1953
1953
1953
1954
1954
1954
1955
1955
1955
1955
1955
1955
1955
1955
1956
1956
1956
1956
1956
1957
1957
1957
1957
1957
1958
1958
1958
1958
1958
1959
1959
1959
1959
1959
1959
1959
1960
1960
1960
1960
1960
1960
1961
1961
1961
1961
1961
1961
1961
1961
1961
1961
1961
1961
1962
1963
1963
1963
1964
1964
1965
1965
1965
1965
1965
1966
1966
1967
1967
1967
1967
1968
1968
1968
1968
1968
1968
1969
1969
1969
1969
1969
1969
1970
1970
1971
1971
1971
1972
1973
1973
1974
1974
1974
1975
1975
1975
1975
1976
1976
1977
1977
1978
1978
1978
1978
1978
1979
1979
1979
1979
1979
1980
1980
1980
1980
1981
1981
1981
1982
1982
1982
1982
1982
1982
1982
1983
1983
1984
1984
1984
1984
1984
1984
1984
1985
1985
1985
1986
1986
1987
1987
1988
1988
1988
1989
1989
1990
1990
1990
1990
1990
1990
1991
1991
1991
1992
1992
1992
1993
1993
1993
1993
1994
1994
1994
1994
1994
1994
1995
1995
1995
1996
1996
1997
1997
1998
1998
1999
1999
1999
1999
1999
2000
2000
2000
2000
2000
2000
2001
2001
2002
2003
2003
2004
2004
2004
2004
2004
2005
2005
2005
2006
2006
2006
2006
2006
2006
2007
2007
2007
2007
2008
2008
2008
2008
2010
2010
2010
2011
2012
2012
2013
2013
2013
2013
2013
2014
2014
2015
2016
2016
2016
2017
2017
2017
2018
2018
2018
2018
2018
2019
2019
2020
2020
2021
2022
2022
2023
2023
2023
2023
2024
2024
2024
2025
2026
2026
2026
2027
2027
2028
2028
2028
2029
2029
2029
2030
2030
2030
2030
2030
2031
2031
2031
2031
2032
2032
2033
2033
2033
2034
2034
2034
2034
2034
2034
2034
2035
2035
2035
2036
2036
2036
2036
2037
2037
2037
2038
2038
2038
2038
2039
2039
2039
2039
2039
2040
2040
2040
2041
2041
2041
2041
2042
2042
2042
2043
2044
2044
2044
2044
2044
2045
2045
2046
2046
2046
2047
2047
2047
2047
2048
2048
2049
2049
2050
2050
2050
2051
2051
2051
2052
2052
2052
2052
2053
2053
2053
2054
2054
2055
2055
2056
2056
2056
2057
2058
2059
2059
2059
2059
2059
2060
2060
2060
2060
2060
2060
2061
2061
2061
2062
2062
2063
2063
2063
2063
2063
2063
2063
2064
2065
2065
2066
2066
2066
2066
2067
2067
2068
2068
2068
2068
2069
2069
2069
2069
2070
2071
2071
2072
2072
2072
2073
2073
2073
2073
2073
2073
2073
2073
2074
2074
2075
2076
2076
2076
2077
2077
2077
2078
2078
2078
2079
2079
2079
2079
2079
2080
2081
2081
2082
2083
2083
2083
2084
2084
2085
2087
2087
2087
2087
2088
2088
2088
2089
2089
2090
2090
2090
2090
2090
2090
2091
2091
2091
2092
2092
2093
2093
2093
2094
2095
2095
2096
2096
2096
2096
2098
2098
2098
2098
2098
2098
2099
2099
2099
2100
2100
2100
2101
2101
2102
2102
2103
2103
2104
2104
2104
2104
2104
2104
2104
2104
2105
2105
2105
2106
2106
2106
2106
2107
2107
2108
2108
2109
2110
2111
2111
2112
2112
2113
2113
2113
2113
2113
2114
2114
2114
2114
2115
2116
2117
2117
2118
2119
2119
2119
2119
2119
2119
2120
2120
2120
2120
2120
2120
2121
2122
2122
2122
2123
2123
2124
2124
2126
2126
2126
2126
2126
2127
2127
2127
2128
2128
2128
2129
2129
2129
2129
2130
2131
2131
2131
2131
2132
2132
2132
2132
2132
2133
2133
2133
2133
2134
2134
2135
2135
2136
2136
2136
2136
2137
2137
2137
2137
2137
2138
2138
2138
2138
2139
2139
2140
2140
2141
2141
2141
2141
2141
2142
2142
2143
2143
2143
2144
2144
2144
2144
2145
2145
2146
2146
2147
2147
2147
2147
2148
2148
2148
2149
2150
2150
2152
2152
2153
2153
2153
2153
2153
2154
2154
2155
2155
2155
2155
2156
2156
2157
2157
2157
2157
2157
2158
2158
2159
2159
2159
2159
2159
2160
2160
2160
2160
2160
2161
2162
2162
2162
2162
2163
2163
2163
2163
2164
2164
2164
2165
2165
2166
2166
2166
2166
2166
2166
2166
2168
2168
2168
2168
2168
2168
2169
2169
2169
2169
2170
2170
2170
2172
2172
2172
2173
2174
2175
2175
2176
2176
2176
2176
2176
2177
2177
2178
2179
2179
2179
2180
2180
2180
2181
2181
2181
2181
2182
2182
2183
2183
2183
2184
2184
2185
2186
2186
2186
2186
2187
2187
2187
2188
2189
2189
2189
2189
2190
2190
2190
2191
2191
2192
2193
2193
2193
2194
2195
2195
2195
2195
2196
2196
2197
2197
2198
2199
2199
2201
2201
2201
2201
2201
2202
2202
2202
2202
2202
2203
2203
2203
2204
2204
2204
2204
2204
2205
2205
2205
2206
2206
2206
2206
2206
2207
2208
2208
2208
2209
2209
2209
2209
2209
2209
2209
2210
2210
2210
2210
2210
2210
2210
2211
2212
2212
2212
2213
2213
2213
2213
2214
2215
2215
2215
2216
2216
2216
2216
2216
2217
2218
2218
2219
2219
2220
2221
2222
2223
2224
2224
2224
2225
2225
2225
2225
2226
2226
2227
2228
2229
2229
2229
2230
2230
2231
2231
2232
2232
2232
2233
2233
2233
2233
2234
2234
2234
2234
2234
2236
2236
2237
2237
2238
2239
2239
2240
2240
2240
2240
2240
2240
2240
2241
2241
2241
2242
2242
2242
2242
2243
2244
2245
2245
2245
2246
2246
2246
2247
2247
2248
2248
2248
2248
2249
2249
2249
2250
2250
2250
2250
2250
2250
2251
2252
2253
2253
2254
2254
2254
2254
2254
2255
2255
2255
2256
2256
2257
2257
2257
2258
2259
2259
2260
2260
2261
2261
2262
2262
2262
2264
2265
2265
2266
2266
2266
2266
2266
2267
2267
2267
2267
2268
2268
2268
2269
2269
2270
2270
2271
2271
2271
2272
2272
2272
2273
2273
2274
2274
2274
2274
2275
2275
2276
2276
2277
2277
2277
2278
2278
2278
2279
2279
2280
2280
2281
2281
2281
2281
2281
2282
2282
2282
2282
2283
2283
2283
2284
2285
2286
2286
2287
2287
2287
2288
2288
2289
2289
2289
2289
2290
2291
2291
2291
2291
2292
2292
2292
2293
2293
2293
2294
2294
2294
2294
2294
2294
2294
2294
2294
2294
2294
2296
2297
2298
2298
2298
2299
2299
2300
2300
2300
2301
2301
2301
2301
2301
2301
2301
2302
2303
2303
2303
2303
2304
2304
2304
2305
2305
2305
2305
2307
2307
2307
2307
2308
2308
2308
2308
2309
2309
2311
2312
2313
2313
2314
2315
2315
2316
2316
2316
2317
2317
2318
2319
2319
2319
2319
2319
2319
2319
2319
2319
2320
2320
2320
2321
2322
2322
2322
2322
2322
2322
2322
2322
2323
2323
2323
2324
2326
2327
2327
2328
2328
2328
2329
2329
2329
2329
2330
2330
2331
2331
2331
2331
2331
2332
2332
2332
2333
2333
2333
2334
2334
2335
2335
2336
2336
2336
2337
2339
2339
2339
2339
2340
2340
2340
2340
2340
2341
2341
2341
2342
2342
2342
2343
2343
2343
2343
2344
2344
2344
2344
2344
2345
2345
2346
2346
2346
2346
2346
2346
2347
2347
2347
2347
2349
2349
2350
2350
2350
2351
2351
2351
2352
2352
2353
2353
2353
2354
2354
2355
2355
2355
2355
2355
2356
2356
2357
2358
2359
2359
2359
2361
2361
2361
2361
2361
2361
2363
2363
2364
2364
2364
2365
2365
2367
2367
2367
2368
2369
2370
2370
2370
2370
2371
2371
2372
2372
2373
2373
2373
2374
2375
2375
2375
2375
2375
2375
2376
2376
2376
2376
2377
2377
2378
2378
2378
2378
2378
2379
2379
2379
2380
2380
2381
2381
2381
2381
2382
2382
2383
2383
2383
2384
2384
2384
2385
2385
2385
2385
2386
2386
2386
2387
2388
2388
2388
2388
2388
2388
2389
2390
2390
2391
2391
2392
2392
2392
2392
2392
2392
2393
2394
2395
2395
2395
2396
2396
2399
2399
2400
2400
2400
2401
2401
2401
2401
2402
2403
2403
2403
2404
2404
2404
2404
2405
2405
2407
2409
2410
2410
2410
2411
2411
2412
2412
2413
2414
2414
2416
2417
2418
2420
2420
2421
2421
2421
2421
2422
2423
2423
2423
2423
2424
2424
2425
2425
2425
2425
2426
2426
2427
2428
2428
2428
2428
2428
2428
2429
2430
2430
2431
2432
2434
2434
2435
2435
2435
2436
2437
2437
2437
2438
2440
2440
2440
2442
2442
2444
2444
2445
2445
2445
2446
2446
2446
2447
2447
2447
2447
2447
2448
2448
2448
2448
2449
2449
2449
2449
2449
2450
2450
2450
2451
2451
2451
2451
2452
2452
2452
2453
2453
2453
2454
2454
2455
2455
2456
2457
2457
2457
2457
2458
2458
2459
2459
2459
2460
2460
2460
2460
2460
2460
2463
2463
2463
2463
2464
2464
2464
2464
2465
2466
2466
2466
2467
2469
2469
2469
2469
2472
2472
2472
2473
2473
2473
2474
2475
2475
2476
2476
2477
2477
2478
2478
2478
2480
2480
2480
2480
2481
2481
2482
2482
2482
2482
2483
2484
2485
2485
2485
2485
2485
2487
2487
2487
2488
2488
2489
2489
2491
2491
2491
2492
2493
2494
2494
2495
2495
2496
2498
2498
2499
2499
2500
2500
2502
2502
2503
2503
2504
2504
2504
2506
2506
2506
2506
2506
2506
2506
2506
2506
2506
2506
2507
2507
2507
2507
2508
2508
2508
2508
2508
2509
2510
2510
2511
2511
2512
2512
2513
2513
2513
2513
2514
2514
2515
2515
2515
2515
2516
2516
2517
2517
2518
2519
2519
2520
2520
2521
2522
2523
2523
2524
2525
2526
2526
2526
2527
2527
2527
2528
2528
2528
2528
2528
2528
2528
2529
2529
2529
2529
2530
2530
2531
2531
2532
2532
2535
2535
2535
2536
2536
2537
2537
2537
2537
2537
2538
2538
2539
2539
2539
2539
2540
2540
2540
2540
2541
2542
2542
2542
2542
2542
2543
2543
2544
2544
2544
2545
2547
2547
2547
2547
2548
2548
2548
2549
2549
2550
2550
2551
2552
2552
2554
2554
2555
2555
2556
2556
2557
2557
2558
2558
2558
2558
2558
2558
2559
2559
2559
2560
2560
2560
2560
2560
2561
2561
2562
2562
2562
2562
2565
2565
2565
2566
2567
2568
2568
2568
2569
2569
2569
2569
2570
2570
2570
2571
2571
2571
2571
2572
2573
2573
2573
2573
2574
2574
2575
2577
2577
2578
2578
2578
2578
2579
2579
2580
2580
2580
2581
2581
2581
2584
2584
2585
2586
2586
2586
2587
2587
2587
2588
2588
2590
2591
2592
2593
2594
2594
2595
2596
2596
2596
2598
2599
2599
2600
2601
2601
2602
2603
2603
2603
2604
2604
2605
2605
2607
2607
2608
2608
2608
2608
2609
2609
2610
2610
2610
2611
2611
2612
2613
2613
2613
2615
2615
2615
2616
2616
2617
2618
2618
2618
2619
2619
2620
2620
2620
2621
2622
2622
2623
2623
2624
2624
2625
2626
2626
2626
2627
2627
2627
2627
2628
2629
2629
2630
2631
2631
2632
2632
2632
2634
2634
2635
2636
2636
2636
2636
2637
2637
2639
2641
2642
2643
2643
2644
2644
2644
2644
2646
2646
2646
2647
2647
2648
2648
2648
2649
2649
2649
2650
2650
2650
2650
2650
2650
2651
2651
2652
2652
2652
2653
2654
2654
2654
2655
2655
2655
2657
2657
2657
2657
2657
2659
2659
2660
2660
2661
2662
2662
2662
2662
2663
2663
2664
2664
2664
2664
2664
2665
2665
2667
2667
2667
2667
2668
2668
2669
2669
2670
2670
2670
2670
2670
2671
2672
2672
2673
2673
2675
2676
2676
2676
2677
2677
2677
2678
2679
2680
2680
2682
2682
2682
2683
2685
2686
2687
2687
2688
2688
2688
2688
2689
2689
2690
2690
2690
2691
2691
2692
2694
2695
2695
2695
2695
2697
2697
2697
2699
2699
2699
2699
2699
2700
2701
2701
2701
2701
2701
2702
2702
2702
2703
2703
2703
2704
2706
2707
2708
2708
2708
2709
2710
2712
2712
2712
2712
2713
2713
2713
2714
2714
2714
2714
2714
2716
2718
2718
2718
2718
2719
2719
2720
2722
2722
2722
2722
2723
2725
2726
2726
2726
2727
2728
2728
2728
2729
2729
2730
2731
2732
2733
2733
2733
2733
2734
2735
2735
2735
2736
2737
2737
2737
2739
2739
2739
2739
2741
2744
2744
2744
2744
2744
2745
2745
2746
2747
2748
2752
2752
2753
2754
2755
2756
2756
2756
2757
2757
2759
2760
2760
2760
2760
2761
2761
2762
2762
2763
2764
2764
2765
2765
2765
2765
2767
2769
2769
2770
2770
2771
2771
2772
2773
2773
2773
2774
2776
2776
2777
2777
2778
2778
2779
2779
2779
2780
2780
2781
2781
2781
2783
2783
2784
2784
2785
2786
2786
2786
2787
2787
2789
2789
2789
2789
2790
2791
2791
2791
2791
2792
2794
2795
2795
2795
2796
2797
2797
2797
2798
2799
2800
2803
2803
2805
2805
2806
2806
2807
2808
2809
2809
2810
2811
2812
2812
2812
2814
2815
2816
2816
2818
2819
2821
2822
2822
2822
2822
2823
2823
2823
2823
2824
2825
2826
2826
2826
2827
2827
2828
2828
2828
2828
2829
2829
2829
2830
2830
2830
2831
2831
2832
2832
2832
2832
2833
2833
2834
2837
2838
2839
2839
2840
2841
2841
2841
2842
2843
2843
2843
2844
2845
2846
2846
2847
2847
2848
2848
2849
2849
2850
2850
2850
2852
2853
2854
2855
2857
2858
2858
2858
2859
2859
2859
2859
2860
2860
2861
2863
2863
2864
2864
2865
2867
2867
2867
2868
2868
2868
2869
2870
2871
2872
2872
2872
2872
2873
2873
2874
2874
2874
2874
2876
2876
2876
2876
2877
2878
2879
2879
2880
2880
2881
2881
2882
2882
2882
2883
2883
2885
2885
2886
2886
2888
2888
2890
2891
2892
2892
2893
2893
2894
2895
2896
2896
2896
2897
2897
2899
2899
2900
2903
2905
2905
2906
2907
2907
2908
2908
2909
2910
2910
2911
2913
2913
2914
2914
2914
2915
2916
2916
2917
2917
2917
2917
2918
2918
2919
2920
2921
2922
2922
2922
2923
2923
2923
2925
2925
2925
2926
2926
2926
2926
2926
2927
2929
2929
2930
2930
2931
2931
2931
2931
2934
2934
2934
2934
2935
2935
2935
2935
2936
2936
2936
2937
2938
2939
2939
2941
2941
2942
2942
2942
2943
2943
2944
2944
2944
2944
2944
2945
2945
2946
2947
2947
2950
2951
2951
2953
2953
2953
2954
2954
2954
2954
2955
2955
2955
2956
2956
2956
2958
2959
2959
2959
2959
2959
2960
2962
2964
2964
2964
2964
2965
2967
2969
2969
2969
2970
2970
2971
2971
2972
2973
2973
2973
2974
2975
2976
2976
2976
2976
2977
2978
2979
2979
2980
2980
2981
2981
2982
2982
2982
2984
2984
2985
2986
2986
2986
2986
2987
2988
2988
2988
2989
2990
2990
2990
2991
2991
2991
2991
2992
2993
2994
2996
2997
2997
2998
2998
2999
2999
3000
3001
3002
3002
3003
3004
3004
3005
3005
3007
3009
3010
3011
3013
3014
3015
3015
3015
3017
3017
3017
3017
3017
3018
3018
3019
3019
3019
3020
3021
3022
3022
3023
3023
3024
3025
3026
3026
3026
3028
3030
3031
3031
3033
3034
3034
3035
3035
3036
3036
3036
3036
3037
3038
3038
3038
3038
3038
3038
3039
3040
3040
3041
3043
3043
3043
3045
3045
3046
3046
3047
3048
3048
3048
3048
3049
3050
3051
3052
3052
3052
3053
3054
3056
3058
3058
3061
3061
3061
3062
3063
3064
3065
3065
3065
3067
3067
3069
3069
3069
3069
3070
3070
3070
3070
3071
3071
3072
3072
3072
3072
3074
3075
3076
3076
3076
3077
3078
3078
3078
3080
3081
3082
3082
3082
3083
3084
3084
3084
3084
3084
3084
3085
3085
3086
3088
3090
3090
3090
3091
3091
3092
3095
3098
3098
3099
3099
3100
3101
3102
3102
3102
3102
3102
3103
3103
3104
3105
3105
3106
3106
3109
3109
3109
3109
3109
3109
3110
3111
3111
3112
3112
3113
3114
3115
3116
3116
3117
3118
3118
3118
3119
3119
3119
3120
3121
3121
3121
3122
3124
3126
3127
3129
3130
3130
3131
3133
3133
3135
3136
3136
3137
3137
3138
3138
3138
3143
3143
3144
3145
3145
3147
3148
3148
3149
3149
3150
3151
3152
3152
3153
3154
3155
3155
3155
3156
3157
3157
3158
3160
3161
3165
3165
3166
3166
3167
3167
3168
3168
3169
3170
3171
3173
3174
3174
3174
3175
3176
3177
3178
3178
3179
3180
3181
3181
3183
3183
3183
3183
3183
3185
3185
3185
3187
3188
3190
3193
3193
3194
3195
3195
3196
3196
3196
3199
3200
3201
3202
3202
3203
3203
3204
3204
3205
3205
3205
3206
3207
3207
3207
3207
3208
3209
3210
3213
3213
3214
3215
3215
3216
3218
3218
3218
3219
3219
3220
3224
3224
3224
3225
3227
3228
3228
3229
3230
3230
3231
3234
3236
3237
3238
3240
3241
3242
3243
3243
3244
3244
3246
3246
3247
3247
3247
3249
3249
3250
3250
3250
3251
3251
3252
3253
3253
3255
3255
3256
3257
3257
3258
3258
3259
3260
3261
3261
3262
3263
3264
3264
3264
3266
3267
3267
3268
3269
3269
3269
3270
3272
3274
3276
3277
3277
3279
3279
3280
3280
3280
3281
3282
3283
3283
3283
3284
3285
3285
3286
3288
3288
3288
3288
3289
3289
3290
3290
3290
3291
3292
3293
3294
3295
3295
3296
3298
3298
3298
3299
3299
3299
3299
3299
3299
3299
3302
3303
3303
3307
3307
3310
3311
3311
3311
3312
3313
3313
3314
3315
3315
3316
3317
3318
3319
3319
3321
3321
3321
3322
3325
3327
3328
3328
3330
3332
3332
3332
3335
3335
3336
3337
3338
3340
3340
3341
3341
3344
3344
3344
3347
3349
3350
3350
3350
3351
3352
3352
3352
3353
3353
3353
3354
3354
3354
3355
3356
3358
3359
3360
3361
3366
3367
3367
3367
3367
3367
3368
3368
3370
3372
3372
3372
3373
3373
3374
3374
3376
3376
3377
3378
3378
3378
3381
3381
3382
3382
3382
3382
3383
3384
3385
3386
3387
3387
3387
3388
3388
3388
3390
3390
3391
3391
3391
3392
3392
3392
3393
3393
3393
3394
3395
3395
3395
3397
3399
3399
3400
3401
3402
3403
3403
3403
3405
3405
3405
3405
3406
3406
3408
3409
3409
3410
3411
3411
3411
3411
3412
3412
3416
3416
3417
3417
3418
3418
3419
3419
3420
3421
3421
3423
3424
3424
3424
3425
3425
3427
3427
3427
3428
3430
3430
3430
3432
3433
3434
3436
3437
3437
3437
3437
3438
3439
3439
3440
3440
3440
3440
3441
3441
3442
3442
3442
3443
3443
3444
3446
3447
3448
3449
3449
3450
3450
3450
3451
3451
3452
3452
3456
3457
3458
3458
3459
3459
3459
3460
3460
3460
3461
3461
3462
3462
3463
3463
3463
3463
3463
3463
3464
3464
3466
3466
3466
3466
3467
3467
3467
3469
3469
3470
3470
3472
3472
3473
3475
3477
3477
3478
3480
3485
3486
3487
3487
3487
3488
3488
3488
3489
3489
3490
3491
3492
3493
3493
3493
3494
3494
3495
3495
3495
3495
3495
3499
3500
3501
3502
3502
3502
3503
3503
3504
3504
3505
3506
3507
3508
3510
3510
3510
3511
3512
3512
3513
3514
3514
3515
3516
3517
3520
3521
3522
3522
3526
3528
3529
3529
3530
3530
3530
3532
3533
3533
3533
3533
3533
3535
3536
3536
3537
3538
3538
3540
3541
3541
3542
3543
3546
3548
3550
3550
3552
3553
3553
3555
3555
3556
3556
3557
3558
3558
3560
3561
3562
3563
3563
3564
3564
3564
3566
3567
3570
3574
3574
3575
3575
3575
3576
3577
3577
3579
3579
3579
3580
3581
3581
3581
3581
3582
3582
3583
3583
3584
3586
3588
3589
3589
3589
3590
3590
3590
3590
3591
3591
3593
3593
3594
3594
3596
3597
3598
3599
3599
3601
3602
3602
3602
3602
3602
3603
3603
3604
3606
3607
3608
3608
3609
3609
3609
3610
3611
3611
3611
3613
3615
3617
3619
3619
3619
3620
3620
3620
3621
3621
3621
3622
3623
3623
3624
3624
3627
3628
3633
3635
3636
3637
3637
3641
3644
3646
3646
3648
3650
3652
3653
3653
3653
3656
3657
3657
3657
3657
3657
3658
3658
3662
3662
3663
3663
3667
3667
3668
3668
3668
3671
3672
3676
3677
3677
3680
3681
3684
3684
3685
3687
3687
3687
3688
3690
3691
3693
3693
3694
3695
3699
3699
3700
3700
3700
3702
3702
3702
3703
3704
3705
3705
3707
3708
3710
3710
3711
3712
3714
3715
3717
3719
3719
3719
3720
3721
3721
3722
3723
3723
3723
3723
3724
3724
3725
3725
3726
3728
3728
3729
3729
3729
3730
3731
3732
3733
3734
3734
3735
3737
3737
3737
3737
3739
3741
3741
3743
3744
3744
3744
3745
3746
3746
3746
3747
3748
3749
3749
3750
3751
3752
3753
3754
3754
3755
3756
3757
3757
3757
3758
3759
3760
3760
3760
3763
3763
3766
3767
3767
3768
3768
3769
3769
3770
3771
3774
3776
3777
3778
3779
3782
3782
3785
3786
3787
3789
3789
3789
3790
3792
3794
3794
3794
3796
3798
3798
3798
3803
3803
3803
3805
3806
3806
3807
3807
3807
3807
3807
3807
3808
3808
3809
3809
3810
3812
3812
3813
3815
3817
3818
3819
3819
3819
3821
3823
3823
3824
3824
3825
3825
3826
3826
3828
3829
3829
3830
3830
3833
3834
3836
3837
3837
3838
3841
3843
3845
3846
3846
3847
3848
3849
3849
3850
3850
3851
3852
3855
3855
3857
3858
3859
3859
3859
3859
3860
3861
3864
3865
3865
3866
3866
3868
3868
3869
3873
3874
3875
3875
3875
3876
3877
3879
3879
3880
3880
3882
3883
3884
3884
3884
3887
3888
3889
3891
3892
3893
3894
3894
3895
3896
3897
3897
3897
3898
3898
3899
3900
3903
3903
3904
3908
3909
3910
3910
3910
3911
3912
3912
3912
3913
3914
3914
3915
3915
3916
3917
3917
3920
3921
3922
3924
3925
3927
3927
3932
3932
3934
3934
3935
3936
3937
3941
3941
3943
3945
3945
3946
3947
3952
3952
3952
3952
3953
3955
3955
3956
3957
3957
3958
3960
3960
3964
3965
3965
3967
3969
3974
3974
3974
3977
3978
3979
3982
3987
3988
3990
3994
3997
3999
3999
3999
4001
4001
4003
4004
4004
4008
4008
4014
4014
4015
4019
4020
4021
4023
4023
4024
4025
4026
4026
4029
4032
4032
4032
4033
4034
4034
4035
4035
4036
4038
4041
4041
4042
4042
4045
4045
4049
4049
4050
4050
4051
4052
4052
4054
4057
4058
4059
4060
4060
4061
4061
4062
4063
4064
4064
4065
4065
4065
4067
4067
4068
4073
4076
4076
4076
4076
4076
4076
4078
4079
4081
4085
4086
4087
4090
4090
4090
4090
4090
4091
4091
4092
4094
4096
4097
4097
4097
4100
4102
4103
4104
4104
4106
4106
4106
4107
4107
4108
4110
4112
4112
4116
4116
4117
4119
4120
4122
4122
4123
4124
4128
4129
4130
4132
4133
4133
4134
4136
4138
4138
4140
4141
4142
4144
4145
4145
4146
4146
4146
4146
4148
4149
4149
4151
4153
4153
4154
4154
4155
4156
4157
4160
4160
4160
4161
4161
4162
4163
4163
4165
4165
4166
4167
4170
4171
4172
4173
4175
4177
4177
4177
4177
4178
4178
4178
4180
4181
4183
4185
4187
4188
4189
4190
4190
4194
4194
4194
4195
4195
4199
4202
4204
4204
4204
4204
4205
4205
4205
4206
4206
4207
4208
4209
4210
4210
4210
4211
4212
4213
4215
4215
4218
4219
4219
4220
4220
4220
4222
4223
4224
4228
4228
4229
4229
4230
4231
4231
4234
4235
4235
4236
4236
4238
4238
4238
4239
4239
4240
4241
4242
4242
4244
4247
4247
4248
4248
4250
4251
4251
4251
4252
4252
4252
4254
4257
4261
4262
4264
4266
4266
4267
4268
4269
4272
4273
4276
4276
4279
4279
4281
4283
4284
4285
4287
4287
4287
4287
4288
4295
4298
4298
4299
4303
4303
4304
4308
4311
4318
4319
4320
4322
4322
4323
4323
4325
4326
4328
4328
4329
4329
4330
4331
4331
4333
4333
4338
4339
4339
4340
4340
4340
4342
4342
4347
4347
4347
4347
4349
4352
4353
4354
4354
4354
4356
4357
4357
4358
4358
4361
4362
4363
4363
4365
4365
4367
4369
4373
4376
4376
4380
4382
4382
4387
4389
4390
4390
4391
4394
4397
4398
4398
4400
4400
4402
4403
4404
4410
4411
4414
4415
4418
4419
4420
4421
4422
4422
4423
4425
4425
4426
4429
4429
4429
4430
4431
4433
4433
4434
4438
4440
4440
4441
4443
4445
4447
4450
4450
4450
4451
4452
4454
4454
4455
4456
4459
4459
4460
4461
4463
4466
4469
4469
4469
4471
4471
4472
4474
4474
4474
4480
4480
4482
4485
4485
4485
4489
4492
4494
4494
4499
4499
4502
4504
4505
4509
4512
4513
4515
4517
4518
4520
4521
4523
4523
4525
4526
4527
4528
4528
4528
4529
4530
4533
4533
4534
4535
4535
4537
4537
4538
4538
4541
4541
4542
4543
4546
4546
4547
4548
4549
4549
4549
4552
4555
4555
4557
4557
4560
4561
4562
4564
4564
4566
4566
4567
4568
4568
4568
4570
4571
4573
4574
4574
4576
4576
4578
4578
4580
4581
4581
4582
4583
4583
4585
4586
4588
4589
4590
4592
4593
4595
4600
4602
4603
4605
4606
4608
4613
4614
4614
4614
4615
4616
4624
4624
4627
4627
4627
4628
4634
4634
4634
4634
4636
4637
4640
4640
4640
4645
4648
4648
4649
4650
4650
4650
4653
4656
4657
4658
4658
4659
4659
4660
4662
4663
4664
4665
4665
4667
4670
4670
4673
4674
4675
4676
4676
4676
4677
4678
4679
4679
4680
4682
4682
4684
4685
4685
4686
4690
4691
4693
4693
4696
4696
4698
4698
4701
4701
4701
4707
4710
4711
4716
4718
4719
4719
4720
4722
4723
4724
4725
4727
4727
4728
4728
4730
4732
4733
4734
4735
4736
4738
4738
4739
4741
4741
4743
4744
4744
4753
4757
4757
4757
4761
4762
4764
4765
4766
4767
4768
4770
4771
4771
4772
4773
4774
4775
4777
4778
4779
4781
4782
4783
4783
4783
4784
4784
4784
4784
4785
4787
4792
4792
4793
4795
4795
4796
4796
4797
4800
4802
4804
4806
4808
4808
4808
4809
4811
4814
4817
4831
4832
4835
4838
4838
4838
4839
4848
4849
4852
4852
4852
4857
4858
4860
4861
4861
4861
4862
4864
4864
4865
4867
4867
4868
4868
4869
4871
4872
4873
4877
4880
4881
4882
4884
4886
4886
4888
4888
4893
4894
4896
4896
4896
4897
4897
4897
4900
4900
4901
4908
4908
4914
4916
4919
4920
4925
4929
4929
4930
4931
4931
4934
4935
4937
4939
4942
4943
4944
4952
4954
4959
4960
4961
4961
4963
4966
4966
4966
4971
4973
4973
4974
4974
4975
4977
4977
4978
4980
4981
4985
4986
4986
4987
4991
4996
4998
4998
4999
4999
5001
5002
5002
5003
5004
5007
5007
5009
5011
5011
5012
5012
5015
5017
5018
5019
5020
5025
5027
5031
5031
5033
5039
5041
5041
5044
5054
5055
5057
5062
5068
5070
5070
5076
5077
5078
5080
5080
5080
5083
5086
5088
5093
5094
5094
5094
5095
5095
5095
5095
5096
5099
5099
5100
5100
5101
5102
5105
5105
5112
5116
5116
5119
5119
5123
5123
5123
5125
5125
5125
5128
5130
5132
5133
5137
5141
5142
5143
5144
5146
5149
5150
5152
5152
5153
5155
5156
5157
5158
5161
5163
5164
5166
5167
5167
5168
5171
5171
5172
5172
5173
5174
5175
5177
5180
5184
5185
5186
5188
5194
5196
5199
5203
5204
5209
5210
5211
5213
5214
5215
5215
5215
5217
5217
5219
5220
5222
5223
5225
5227
5229
5233
5234
5235
5238
5246
5249
5249
5250
5250
5252
5252
5255
5260
5262
5263
5265
5265
5266
5269
5271
5272
5273
5276
5276
5278
5280
5282
5282
5286
5287
5289
5289
5289
5292
5292
5297
5299
5303
5307
5308
5308
5309
5309
5318
5320
5320
5321
5323
5323
5323
5323
5325
5325
5333
5335
5337
5338
5338
5340
5342
5345
5347
5348
5349
5349
5351
5352
5352
5354
5358
5361
5362
5362
5364
5366
5369
5369
5370
5373
5375
5375
5375
5376
5377
5378
5378
5379
5380
5386
5386
5387
5389
5390
5390
5392
5395
5396
5398
5400
5401
5402
5403
5403
5410
5412
5415
5421
5421
5423
5424
5426
5426
5426
5429
5430
5431
5434
5437
5440
5442
5443
5445
5446
5448
5451
5451
5451
5452
5455
5460
5460
5460
5462
5465
5467
5470
5471
5475
5476
5479
5480
5483
5484
5490
5491
5492
5494
5497
5497
5498
5500
5501
5502
5505
5505
5506
5507
5508
5513
5516
5516
5518
5518
5518
5518
5518
5526
5530
5532
5533
5536
5539
5541
5543
5546
5550
5552
5557
5558
5558
5560
5560
5560
5567
5570
5572
5573
5575
5576
5576
5580
5580
5584
5588
5591
5591
5592
5595
5598
5599
5600
5602
5603
5605
5605
5607
5609
5611
5612
5613
5614
5615
5623
5623
5624
5624
5624
5628
5631
5631
5636
5637
5639
5644
5645
5647
5648
5650
5651
5653
5659
5660
5664
5668
5670
5674
5675
5676
5678
5681
5682
5685
5686
5688
5692
5694
5695
5695
5697
5697
5701
5702
5703
5711
5711
5712
5715
5715
5718
5719
5720
5724
5726
5727
5737
5738
5738
5738
5740
5743
5743
5745
5745
5746
5747
5747
5760
5760
5763
5765
5766
5768
5769
5769
5772
5775
5781
5781
5781
5785
5786
5787
5787
5788
5790
5794
5794
5798
5800
5800
5800
5804
5805
5805
5808
5812
5813
5814
5814
5814
5817
5817
5818
5818
5819
5820
5820
5821
5822
5825
5826
5828
5828
5829
5833
5834
5836
5836
5837
5837
5840
5842
5844
5846
5847
5850
5851
5856
5857
5859
5860
5861
5862
5863
5865
5867
5867
5875
5878
5878
5882
5883
5884
5889
5890
5891
5891
5891
5892
5892
5894
5895
5897
5899
5900
5902
5909
5912
5913
5913
5917
5918
5921
5921
5926
5927
5931
5935
5936
5941
5942
5943
5950
5953
5956
5958
5959
5959
5963
5967
5967
5969
5969
5970
5971
5971
5971
5973
5973
5974
5975
5976
5976
5977
5978
5989
5993
5995
5998
5998
5999
6003
6004
6006
6008
6009
6016
6016
6024
6030
6032
6035
6035
6037
6040
6044
6050
6054
6057
6058
6059
6060
6061
6061
6061
6065
6069
6072
6073
6073
6074
6075
6077
6084
6091
6095
6097
6100
6101
6101
6104
6106
6108
6110
6111
6112
6115
6117
6117
6121
6122
6125
6125
6131
6135
6138
6141
6141
6142
6147
6152
6153
6156
6157
6158
6160
6163
6164
6167
6169
6175
6175
6176
6178
6184
6188
6188
6190
6191
6193
6195
6198
6202
6205
6212
6214
6215
6216
6220
6228
6229
6231
6231
6234
6235
6238
6240
6241
6246
6246
6252
6255
6255
6256
6257
6258
6260
6263
6264
6275
6277
6283
6289
6291
6291
6291
6292
6295
6298
6299
6299
6300
6305
6306
6307
6307
6311
6317
6318
6322
6323
6324
6327
6327
6328
6329
6330
6333
6335
6339
6342
6343
6348
6353
6355
6357
6362
6363
6365
6368
6375
6376
6378
6381
6382
6388
6388
6390
6392
6393
6395
6407
6407
6412
6413
6416
6416
6429
6435
6440
6442
6443
6450
6450
6454
6457
6463
6467
6471
6476
6478
6479
6480
6483
6486
6490
6490
6491
6493
6494
6494
6498
6500
6500
6505
6515
6520
6526
6526
6529
6533
6536
6540
6546
6546
6546
6550
6557
6558
6558
6560
6561
6566
6567
6568
6573
6574
6575
6581
6584
6591
6591
6595
6600
6605
6609
6610
6611
6614
6614
6616
6617
6618
6623
6627
6627
6629
6634
6637
6638
6638
6640
6642
6644
6647
6650
6651
6651
6654
6656
6658
6663
6664
6665
6665
6666
6667
6667
6669
6669
6671
6671
6671
6672
6673
6676
6679
6682
6682
6683
6684
6687
6696
6707
6708
6710
6710
6713
6721
6729
6732
6738
6744
6747
6749
6752
6753
6753
6756
6756
6768
6770
6771
6776
6776
6779
6781
6782
6784
6787
6788
6789
6790
6791
6793
6800
6802
6802
6805
6806
6810
6816
6817
6820
6821
6827
6828
6837
6837
6838
6842
6844
6846
6850
6852
6858
6859
6862
6863
6873
6875
6877
6878
6878
6884
6889
6890
6897
6899
6905
6905
6913
6915
6919
6925
6929
6933
6934
6937
6939
6940
6941
6942
6946
6947
6948
6951
6952
6952
6954
6956
6958
6962
6964
6970
6972
6977
6988
6990
6996
7000
7005
7005
7009
7012
7014
7019
7026
7032
7035
7035
7035
7036
7038
7038
7042
7045
7045
7048
7050
7059
7059
7066
7069
7069
7072
7073
7080
7082
7084
7092
7093
7097
7101
7102
7107
7113
7115
7117
7118
7119
7125
7125
7126
7127
7132
7134
7134
7135
7136
7143
7143
7144
7149
7154
7155
7155
7157
7158
7158
7165
7165
7165
7168
7169
7170
7171
7175
7180
7181
7181
7183
7184
7187
7192
7195
7200
7200
7205
7213
7216
7216
7217
7218
7248
7252
7258
7259
7260
7262
7262
7269
7269
7271
7272
7276
7285
7290
7292
7293
7293
7294
7299
7301
7306
7314
7316
7319
7325
7328
7328
7332
7337
7338
7342
7342
7344
7347
7353
7359
7363
7364
7365
7366
7375
7378
7383
7384
7385
7390
7392
7396
7398
7404
7404
7405
7412
7417
7417
7419
7419
7421
7423
7424
7425
7430
7442
7444
7447
7451
7457
7457
7460
7462
7463
7465
7465
7473
7481
7484
7484
7496
7496
7500
7504
7505
7506
7508
7511
7513
7516
7518
7522
7523
7526
7529
7534
7541
7542
7543
7543
7544
7546
7550
7553
7556
7559
7563
7564
7565
7567
7569
7571
7577
7583
7585
7586
7595
7595
7600
7603
7619
7621
7623
7625
7628
7631
7632
7635
7636
7645
7653
7654
7655
7661
7670
7670
7671
7671
7671
7672
7673
7678
7686
7689
7693
7703
7710
7717
7719
7725
7740
7745
7747
7750
7752
7756
7757
7759
7761
7766
7768
7770
7777
7782
7788
7799
7807
7808
7820
7822
7822
7833
7837
7844
7845
7848
7850
7859
7864
7864
7868
7870
7874
7877
7883
7885
7886
7905
7908
7921
7928
7935
7935
7942
7944
7945
7953
7963
7966
7966
7969
7969
7976
7977
7982
7983
7989
7998
8000
8016
8019
8026
8044
8045
8045
8047
8049
8059
8062
8066
8068
8073
8081
8082
8088
8089
8099
8102
8113
8117
8123
8130
8131
8132
8133
8140
8144
8144
8151
8152
8153
8161
8161
8165
8167
8167
8168
8172
8175
8181
8183
8192
8194
8195
8196
8199
8199
8204
8208
8209
8213
8213
8220
8220
8223
8226
8228
8230
8233
8236
8236
8244
8245
8250
8251
8256
8257
8265
8279
8294
8306
8313
8319
8319
8320
8326
8330
8340
8341
8354
8358
8362
8367
8372
8380
8384
8390
8395
8410
8418
8421
8421
8422
8423
8432
8437
8439
8443
8446
8450
8453
8456
8462
8469
8477
8478
8478
8481
8481
8484
8492
8496
8506
8510
8518
8518
8520
8521
8525
8527
8535
8538
8542
8550
8553
8558
8567
8567
8576
8576
8585
8587
8589
8591
8591
8592
8629
8637
8655
8661
8672
8682
8686
8696
8701
8707
8715
8717
8722
8724
8726
8730
8730
8730
8731
8740
8746
8762
8783
8787
8787
8788
8790
8795
8799
8799
8801
8806
8807
8814
8834
8839
8839
8846
8849
8854
8856
8858
8863
8865
8867
8868
8878
8893
8895
8897
8903
8905
8913
8913
8923
8931
8954
8964
8967
8973
9014
9015
9016
9020
9022
9022
9022
9023
9032
9035
9043
9043
9047
9053
9054
9056
9057
9059
9065
9066
9069
9074
9079
9079
9092
9094
9094
9097
9099
9104
9106
9108
9110
9115
9117
9119
9120
9129
9132
9142
9145
9147
9148
9159
9159
9173
9176
9178
9180
9188
9211
9216
9219
9222
9224
9231
9235
9241
9245
9246
9247
9257
9259
9270
9272
9275
9293
9299
9304
9305
9323
9324
9327
9327
9331
9333
9336
9339
9341
9345
9345
9356
9373
9384
9406
9415
9416
9417
9425
9428
9433
9450
9466
9484
9492
9498
9521
9523
9526
9530
9542
9544
9554
9560
9580
9591
9592
9594
9613
9614
9614
9619
9642
9656
9678
9693
9696
9714
9732
9736
9753
9754
9754
9761
9762
9777
9781
9784
9784
9788
9791
9798
9816
9829
9829
9830
9833
9837
9843
9848
9851
9867
9874
9882
9886
9897
9901
9909
9916
9920
9926
9935
9936
9945
9978
9978
9978
9984
9989
9990
9992
10004
10005
10010
10013
10023
10024
10028
10033
10038
10041
10050
10052
10053
10053
10059
10073
10076
10078
10079
10083
10085
10099
10101
10101
10105
10107
10114
10115
10117
10117
10127
10135
10137
10139
10139
10143
10144
10146
10153
10158
10159
10160
10167
10172
10198
10198
10204
10206
10217
10219
10221
10222
10222
10232
10249
10261
10267
10268
10269
10269
10269
10283
10299
10300
10301
10304
10306
10315
10316
10317
10319
10321
10321
10338
10342
10350
10373
10376
10386
10396
10399
10399
10402
10422
10423
10425
10425
10426
10427
10429
10442
10451
10454
10457
10457
10462
10471
10477
10481
10483
10488
10494
10509
10520
10537
10551
10557
10562
10570
10571
10577
10578
10581
10585
10592
10595
10608
10617
10620
10628
10634
10644
10648
10657
10659
10660
10662
10694
10694
10705
10712
10717
10718
10718
10722
10722
10732
10745
10747
10747
10750
10762
10773
10790
10807
10817
10821
10838
10840
10855
10856
10859
10863
10866
10877
10878
10881
10881
10885
10893
10903
10930
10936
10939
10943
10948
10948
10950
10952
10957
10957
10959
10960
10964
10965
10969
10970
10979
10987
10992
10999
11009
11012
11016
11023
11027
11031
11041
11049
11050
11063
11078
11088
11098
11116
11116
11128
11128
11131
11135
11137
11145
11154
11155
11157
11161
11171
11171
11177
11185
11209
11217
11218
11229
11230
11232
11246
11247
11276
11277
11278
11292
11295
11298
11298
11300
11303
11304
11315
11317
11318
11331
11336
11353
11354
11370
11377
11383
11384
11393
11393
11402
11405
11406
11406
11410
11411
11416
11425
11430
11433
11440
11442
11460
11466
11489
11505
11507
11510
11516
11520
11537
11549
11558
11561
11579
11579
11583
11593
11612
11613
11631
11637
11643
11649
11664
11670
11671
11720
11741
11754
11758
11766
11769
11771
11775
11776
11777
11777
11779
11786
11796
11821
11821
11824
11828
11830
11833
11839
11863
11865
11875
11880
11882
11887
11887
11900
11909
11925
11929
11948
11955
11959
11979
11989
11999
12006
12013
12021
12056
12067
12069
12079
12082
12088
12119
12127
12135
12141
12149
12161
12167
12195
12196
12229
12233
12247
12250
12258
12269
12280
12292
12294
12295
12298
12304
12306
12313
12315
12331
12351
12352
12370
12371
12381
12400
12404
12414
12417
12420
12421
12427
12428
12440
12445
12447
12447
12449
12452
12454
12469
12470
12486
12494
12512
12524
12547
12555
12586
12604
12609
12622
12624
12626
12643
12650
12652
12655
12655
12656
12678
12689
12701
12708
12719
12724
12738
12739
12746
12748
12749
12753
12765
12766
12776
12787
12788
12791
12798
12804
12810
12824
12828
12843
12854
12861
12867
12874
12891
12899
12926
12932
12944
12977
12986
12996
13026
13028
13032
13041
13042
13044
13059
13064
13066
13068
13114
13120
13121
13126
13139
13162
13162
13164
13171
13173
13179
13179
13187
13196
13197
13202
13205
13227
13227
13247
13257
13262
13264
13274
13285
13306
13318
13319
13324
13324
13329
13338
13342
13353
13362
13382
13390
13402
13411
13415
13415
13462
13468
13473
13474
13526
13533
13534
13546
13556
13558
13562
13587
13594
13598
13610
13618
13626
13630
13631
13636
13640
13642
13643
13649
13661
13664
13672
13700
13705
13714
13723
13724
13737
13741
13742
13777
13786
13787
13796
13839
13840
13845
13863
13866
13872
13895
13902
13917
13922
13941
13947
13947
13966
13989
13991
13992
14024
14024
14024
14031
14035
14045
14059
14062
14080
14082
14082
14087
14090
14094
14109
14133
14142
14149
14156
14188
14191
14194
14204
14215
14222
14234
14244
14263
14277
14278
14285
14297
14299
14303
14319
14340
14340
14343
14357
14364
14388
14390
14401
14401
14425
14433
14437
14441
14442
14466
14480
14486
14490
14491
14498
14533
14538
14545
14572
14580
14600
14626
14660
14665
14667
14688
14702
14710
14718
14732
14742
14746
14750
14753
14759
14763
14766
14767
14769
14773
14773
14775
14784
14795
14818
14820
14852
14858
14903
14907
14917
14927
14931
14965
14973
14977
14978
14997
15013
15014
15025
15089
15099
15111
15125
15144
15144
15173
15235
15239
15245
15259
15264
15269
15285
15288
15313
15324
15346
15350
15363
15366
15370
15377
15380
15402
15418
15423
15431
15456
15465
15486
15493
15495
15495
15512
15522
15528
15536
15536
15559
15571
15574
15602
15607
15607
15616
15623
15631
15632
15648
15695
15717
15735
15753
15758
15770
15789
15845
15887
15963
15973
16011
16011
16022
16030
16047
16068
16081
16125
16148
16175
16181
16185
16192
16197
16197
16223
16225
16231
16237
16240
16253
16259
16304
16308
16311
16316
16316
16318
16332
16335
16368
16401
16427
16434
16445
16455
16460
16462
16464
16481
16482
16504
16516
16531
16544
16554
16560
16573
16579
16604
16610
16616
16617
16653
16660
16694
16714
16718
16724
16733
16736
16778
16783
16784
16784
16788
16789
16809
16809
16842
16843
16890
16891
16912
16920
16930
16932
16962
16982
16988
16994
17008
17061
17069
17083
17103
17109
17110
17140
17163
17166
17178
17192
17206
17209
17216
17240
17246
17302
17304
17317
17325
17334
17340
17360
17363
17373
17388
17412
17415
17420
17425
17428
17463
17474
17474
17487
17488
17503
17509
17523
17549
17573
17573
17593
17593
17607
17622
17624
17625
17635
17635
17668
17669
17670
17673
17677
17692
17698
17709
17717
17731
17732
17734
17747
17793
17793
17809
17819
17825
17847
17848
17852
17887
17896
17919
17928
17929
17987
18021
18029
18049
18060
18061
18064
18068
18071
18088
18120
18123
18154
18184
18187
18195
18197
18199
18212
18220
18226
18234
18254
18278
18279
18290
18319
18340
18368
18373
18373
18388
18407
18408
18410
18415
18417
18438
18442
18447
18457
18464
18464
18489
18505
18511
18532
18538
18589
18590
18593
18607
18610
18651
18657
18711
18739
18757
18766
18791
18815
18828
18850
18894
18898
18919
18921
18985
18986
18987
18994
19002
19030
19067
19078
19084
19123
19155
19213
19273
19303
19306
19307
19314
19351
19375
19377
19396
19401
19411
19413
19416
19419
19453
19454
19463
19464
19470
19486
19508
19510
19522
19529
19533
19560
19566
19571
19585
19646
19658
19659
19668
19675
19676
19686
19729
19743
19749
19756
19762
19789
19792
19834
19847
19862
19869
19870
19872
19881
19882
19913
19930
19954
19965
19982
20052
20065
20123
20125
20153
20158
20169
20200
20246
20265
20271
20277
20290
20346
20369
20420
20434
20437
20471
20498
20522
20537
20543
20545
20557
20562
20566
20569
20582
20616
20668
20687
20727
20731
20845
20893
20894
20898
20928
20929
20946
20949
21024
21054
21087
21111
21119
21168
21176
21308
21323
21348
21372
21376
21395
21395
21407
21422
21426
21447
21462
21467
21468
21469
21474
21525
21540
21571
21600
21624
21633
21662
21667
21672
21674
21679
21706
21709
21752
21754
21757
21773
21776
21784
21812
21837
21844
21847
21854
21951
22012
22037
22073
22119
22130
22139
22177
22200
22210
22237
22259
22264
22267
22270
22276
22279
22294
22295
22306
22362
22385
22396
22425
22503
22577
22656
22665
22747
22778
22788
22798
22803
22809
22811
22835
22863
22871
22897
22922
22926
22945
22979
23001
23035
23066
23106
23133
23138
23139
23165
23258
23276
23277
23288
23312
23370
23392
23397
23412
23414
23435
23464
23484
23486
23491
23503
23518
23545
23619
23621
23628
23647
23739
23780
23782
23794
23803
23803
23806
23857
23863
23926
23926
23928
23965
23972
24073
24080
24114
24145
24146
24151
24154
24174
24184
24211
24276
24293
24301
24324
24328
24330
24370
24375
24383
24449
24519
24525
24531
24558
24575
24606
24705
24709
24755
24799
24850
24998
25007
25023
25029
25072
25169
25175
25222
25320
25326
25384
25391
25446
25473
25483
25496
25543
25559
25587
25615
25644
25670
25772
25812
25830
25843
25876
25995
26015
26034
26054
26109
26172
26218
26223
26272
26274
26282
26296
26310
26341
26361
26383
26387
26434
26488
26521
26555
26572
26598
26616
26715
26721
26747
26795
26827
26843
26861
26890
26890
26899
26943
26950
26953
26982
27023
27024
27047
27053
27064
27090
27160
27292
27408
27429
27450
27455
27525
27542
27613
27652
27681
27716
27728
27733
27744
27765
27779
27796
27828
27855
27871
27878
27908
27935
27953
28017
28039
28118
28129
28141
28164
28341
28349
28357
28406
28428
28458
28479
28526
28545
28562
28600
28609
28643
28799
28825
28992
29033
29071
29109
29123
29141
29153
29163
29171
29226
29256
29263
29307
29369
29401
29408
29428
29507
29516
29520
29547
29548
29587
29589
29589
29680
29687
29796
29812
29827
29871
29890
29982
30010
30032
30063
30067
30138
30151
30214
30238
30276
30496
30532
30724
30732
30738
30780
30853
30862
30877
30890
30910
30951
30975
31033
31064
31126
31151
31213
31245
31255
31256
31273
31301
31451
31648
31676
31693
31697
31719
31719
31732
31737
31753
31756
31773
31865
31914
31952
31981
32016
32087
32152
32269
32316
32319
32326
32385
32445
32544
32593
32593
32649
32668
32720
32763
32771
32780
32787
32796
32851
32902
32940
33073
33111
33133
33206
33233
33237
33251
33261
33281
33294
33353
33521
33555
33594
33612
33736
33749
33764
33780
33856
33874
33905
33947
33957
33958
33961
34030
34076
34136
34146
34158
34187
34234
34263
34289
34339
34411
34451
34480
34578
34620
34635
34663
34678
34699
34808
34855
34869
34879
34968
34983
35000
35018
35024
35029
35067
35114
35131
35230
35231
35271
35271
35305
35364
35457
35483
35623
35669
35822
35839
35866
35933
35969
36193
36208
36311
36317
36408
36460
36544
36561
36566
36627
36659
36684
36776
36847
36903
36961
37012
37130
37156
37167
37245
37290
37345
37351
37430
37468
37531
37557
37560
37764
37797
37800
37984
38008
38039
38187
38246
38272
38411
38448
38483
38560
38574
38577
38595
38653
38654
38673
38893
38986
39008
39064
39081
39102
39226
39274
39341
39476
39609
39675
39823
39894
40002
40088
40111
40179
40367
40460
40510
40511
40567
40633
40664
40722
40739
40832
40856
40867
40909
40922
40961
41031
41131
41218
41279
41304
41341
41412
41424
41463
41552
41611
41624
41688
41697
41708
41738
41863
41915
41928
41962
42039
42094
42094
42214
42226
42351
42359
42380
42419
42506
42510
42550
42565
42626
42706
42744
42782
43085
43129
43202
43360
43362
43401
43538
43660
43751
43830
43867
43886
43949
44019
44048
44081
44161
44233
44365
44403
44444
44504
44507
44516
44520
44617
44780
44847
44918
44944
44945
44946
45023
45024
45100
45100
45234
45355
45362
45368
45377
45601
45618
45618
45883
45908
45923
45928
45931
45942
45961
46115
46298
46373
46482
46497
46560
46704
46758
46950
47138
47264
47269
47356
47357
47426
47452
47501
47596
47596
47622
47793
47860
48012
48022
48294
48402
48404
48455
48543
48595
48598
48639
48703
48704
48892
48921
49047
49073
49076
49104
49135
49140
49265
49388
49431
49460
49493
49631
49648
49916
49944
50282
50402
50451
50702
50950
51088
51170
51172
51532
51791
51818
51959
52074
52273
52384
52491
52608
52614
52623
52628
52756
52869
52953
53142
53275
53292
53309
53424
53792
53807
53847
53997
54231
54286
54424
54439
54465
54512
54613
54656
54803
55214
55308
55323
55578
55617
55911
55936
56119
56275
56497
56594
56606
56634
57192
57290
57301
57381
57602
57607
57658
57713
57866
58026
58308
58317
58338
58415
58455
58655
58824
59110
59166
59178
59379
59392
59452
59507
59667
59681
60041
60552
60591
60603
60653
60955
60966
60999
61397
61645
61650
61855
61910
61925
62349
62394
62447
62662
62951
63006
63148
63261
63338
63487
63594
63687
63908
63975
64125
64161
64340
64404
64562
64720
64802
64811
64902
64996
65139
65235
65425
65742
66016
66124
67701
67768
68477
68593
68790
69153
69153
69711
69763
70343
70643
70788
70801
71396
71690
72179
72226
72343
72591
72675
72719
72791
73057
73097
73206
73339
73530
74042
74089
74229
74950
74970
75029
75101
75225
75861
75930
76083
76328
76441
76789
76963
77088
77794
77803
77873
78069
79098
79147
79235
79714
79948
80171
80327
80446
80779
81109
81175
81214
81379
83171
83210
83404
83433
84372
84996
85374
85478
86644
87914
88227
88276
88398
88774
88785
89272
89737
90030
90144
90455
90969
91071
91085
91633
91686
92115
92188
92305
92933
92951
93009
93646
94234
94296
94398
94450
94543
94570
94770
94801
95353
96690
97663
98294
99060
101200
102975
103470
104209
104436
104828
105011
106125
106130
106531
107222
108575
109485
111612
111764
112600
113289
113644
113743
114416
114819
115236
115959
116135
118202
118733
119758
119786
120683
121571
122123
122408
123448
124512
124708
124992
125627
125703
126323
129876
129894
131287
131313
132007
132764
133932
135047
136203
136838
137877
138422
138434
138940
140125
140358
141633
142275
142843
144411
145234
145446
146550
148765
149628
154150
158840
162059
162296
162827
164709
165979
167327
168533
169105
169105
171339
179438
214355
215671
223709
225025
226784
239346
248272
281493
291516
379080
394148
396035
434040
709420
1965856
