0.417816
0.425983
0.414447
0.425558
0.348053
0.423434
0.36656
0.316797
0.225147
0.38717
0.37584
0.609614
0.423236
0.611573
0.397408
0.52965
0.345138
0.384609
0.272737
0.266319
0.265782
0.407513
0.244909
0.384944
0.381151
0.273256
0.316916
0.371141
0.368627
0.390886
0.29642
0.243975
0.289144
0.391453
0.28253
0.407932
0.453176
0.323593
0.141026
0.411104
0.343207
0.395815
0.405495
0.322249
0.34844
0.355025
0.424756
0.408827
0.391018
0.407502
0.418001
0.269095
0.420304
0.397356
0.0929727
0.307238
0.344707
0.345097
0.350862
0.344848
0.0750656
0.12048
0.386285
0.319582
0.416582
0.378358
0.366066
0.390379
0.40402
0.35641
0.453532
0.359195
0.397906
0.136977
0.356255
0.348576
0.438218
0.338865
0.33844
0.341463
0.388998
0.440476
0.401568
0.612105
0.42917
0.336397
0.605242
0.612653
0.4
0.618272
0.609649
0.610536
0.613734
0.425254
0.615163
0.547036
0.624545
0.614374
0.608696
0.60719
0.605909
0.610143
0.511086
0.350502
0.606392
0.607282
0.610808
0.603796
0.621963
0.55141
0.554354
0.579868
0.52356
0.613383
0.610432
0.606367
0.611579
0.607327
0.511965
0.379731
0.613346
0.615052
0.621018
0.60381
0.599273
0.573473
0.607256
0.565982
0.35798
0.617439
0.313742
0.284466
0.608587
0.609689
0.608159
0.398429
0.566913
0.611439
0.623993
0.602031
0.384813
0.392918
0.353708
0.406071
0.607483
0.614308
0.61144
0.610352
0.607843
0.599691
0.607856
0.605824
0.604572
0.616946
0.619601
0.617257
0.613147
0.593172
0.609797
0.594737
0.59981
0.597474
0.429392
0.591812
0.355866
0.392005
0.597803
0.619508
0.299585
0.613046
0.572253
0.371087
0.603441
0.583017
0.615309
0.625103
0.613493
0.503798
0.605737
0.437551
0.603152
0.596848
0.63367
0.330908
0.608779
0.57641
0.294918
0.611538
0.40906
0.378215
0.315964
0.402267
0.350139
0.391233
0.607055
0.301991
0.611572
0.57078
0.616608
0.404223
0.588183
0.593792
0.332527
0.607511
0.609568
0.302347
0.595052
0.53494
0.609121
0.403394
0.346054
0.608614
0.444667
0.577967
0.292571
0.201709
0.123302
0.204164
0.371329
0.286974
0.411188
0.397133
0.479208
0.205966
0.462289
0.20339
0.402917
0.371308
0.356738
0.382773
0.296786
0.410131
0.218401
0.486056
0.405861
0.366344
0.394399
0.217882
0.400974
0.528884
0.342912
0.280028
0.333039
0.236842
0.36391
0.241318
0.247376
0.328032
0.403418
0.348456
0.440577
0.339031
0.402428
0.37492
0.190644
0.341658
0.325133
0.456897
0.121363
0.547909
0.310266
0.338939
0.266886
0.3303
0.309886
0.311151
0.425676
0.400809
0.226718
0.463636
0.381463
0.183024
0.316973
0.196709
0.354781
0.399326
0.175257
0.352941
0.357082
0.376211
0.379374
0.455502
0.172078
0.242843
0.37702
0.203198
0.201396
0.321739
0.313004
0.384995
0.325165
0.31337
0.362762
0.491511
0.44712
0.422492
0.407921
0.164713
0.387216
0.317968
0.322111
0.217633
0.389088
0.355844
0.458602
0.288166
0.344398
0.545098
0.241841
0.490366
0.551845
0.441941
0.55804
0.296846
0.357369
0.40612
0.431731
0.456725
0.345472
0.3369
0.45611
0.314829
0.502226
0.529049
0.526418
0.471967
0.479638
0.350039
0.376838
0.355486
0.466981
0.52236
0.347848
0.462571
0.371151
0.126997
0.358071
0.392025
0.403388
0.216585
0.356282
0.486513
0.339925
0.367347
0.439252
0.37067
0.109387
0.437808
0.288429
0.298902
0.305806
0.109531
0.29381
0.299396
0.353457
0.406023
0.379832
0.334163
0.297143
0.281528
0.479502
0.340536
0.396765
0.366525
0.314423
0.355365
0.312623
0.48824
0.411877
0.339543
0.515
0.404782
0.318947
0.287749
0.370044
0.360787
0.391589
0.352212
0.382519
0.303979
0.285049
0.337627
0.459574
0.2402
0.330257
0.441841
0.32057
0.34347
0.387714
0.426782
0.424269
0.334174
0.350515
0.390928
0.39924
0.482944
0.40408
0.365138
0.350249
0.36629
0.405615
0.356447
0.342259
0.561131
0.166738
0.338336
0.411234
0.378531
0.396742
0.489855
0.347765
0.510017
0.0379507
0.352126
0.331534
0.355167
0.168831
0.365354
0.45891
0.292157
0.367961
0.337656
0.343201
0.364486
0.389481
0.403957
0.455854
0.38806
0.328715
0.292969
0.385864
0.347567
0.373159
0.346911
0.169427
0.328571
0.473165
0.427184
0.102373
0.479966
0.305171
0.326321
0.412041
0.313825
0.378885
0.491817
0.329511
0.470835
0.396151
0.464215
0.371105
0.368456
0.362515
0.35987
0.307884
0.403166
0.284677
0.345191
0.315301
0.339689
0.379767
0.373454
0.335965
0.409821
0.389901
0.421517
0.453737
0.342857
0.385306
0.371938
0.392478
0.562868
0.425277
0.363819
0.330821
0.475851
0.423792
0.0904161
0.359075
0.377035
0.358442
0.388298
0.315929
0.319063
0.411458
0.458139
0.541547
0.402985
0.38629
0.42446
0.0764111
0.225748
0.499247
0.37913
0.158637
0.446046
0.48296
0.32194
0.195742
0.246452
0.44
0.430215
0.502586
0.428837
0.341782
0.130333
0.295814
0.412302
0.384653
0.370118
0.324871
0.437226
0.315486
0.308241
0.324659
0.32559
0.444349
0.468171
0.306177
0.338509
0.360104
0.546351
0.251701
0.389518
0.291078
0.456219
0.350397
0.346198
0.444702
0.484455
0.331361
0.477435
0.406095
0.316908
0.347317
0.398734
0.226424
0.28382
0.35568
0.3482
0.365385
0.422671
0.339744
0.523674
0.476273
0.205859
0.425695
0.537176
0.0879853
0.524096
0.52898
0.359665
0.28404
0.366587
0.338661
0.328138
0.437348
0.123496
0.391557
0.427205
0.442009
0.428843
0.400179
0.398662
0.379523
0.322691
0.31401
0.309936
0.305874
0.3343
0.430703
0.391621
0.487245
0.404993
0.337079
0.221087
0.41505
0.365724
0.169118
0.411012
0.196891
0.446006
0.495495
0.180471
0.303084
0.270955
0.367507
0.401294
0.338339
0.374749
0.449167
0.363265
0.336318
0.509922
0.324349
0.384969
0.402924
0.15697
0.320489
0.333028
0.334469
0.504171
0.37262
0.352853
0.385646
0.453312
0.47465
0.411784
0.440935
0.421738
0.30366
0.306186
0.386677
0.352893
0.186904
0.432447
0.436637
0.40998
0.346138
0.324631
0.390491
0.35119
0.442652
0.440027
0.416241
0.361456
0.307241
0.305336
0.346897
0.388443
0.266309
0.526643
0.526648
0.428732
0.355401
0.338119
0.374129
0.567926
0.577301
0.439736
0.365642
0.314044
0.324517
0.273909
0.520709
0.419847
0.297604
0.388454
0.443274
0.414104
0.216918
0.369114
0.43617
0.400946
0.305108
0.293542
0.327957
0.497453
0.470862
0.375457
0.43088
0.386167
0.404022
0.399654
0.403042
0.138294
0.341131
0.405567
0.309049
0.504072
0.443259
0.3173
0.359276
0.310315
0.313485
0.392067
0.374631
0.404886
0.376852
0.340074
0.329092
0.29583
0.4172
0.420896
0.412491
0.32115
0.47643
0.386404
0.404315
0.360877
0.344
0.361554
0.558685
0.344939
0.485857
0.470217
0.484039
0.470841
0.481752
0.503951
0.168879
0.335325
0.338016
0.07959
0.372736
0.464672
0.326168
0.35265
0.432346
0.340595
0.318463
0.372038
0.393908
0.3436
0.373009
0.373234
0.601211
0.401246
0.361498
0.354403
0.127491
0.510443
0.340184
0.420096
0.380416
0.390499
0.360337
0.470537
0.395976
0.47605
0.184609
0.354237
0.37296
0.364031
0.286843
0.535905
0.427549
0.493289
0.19089
0.409307
0.369902
0.385522
0.316222
0.554652
0.301252
0.303855
0.165072
0.443793
0.448152
0.452206
0.368782
0.342226
0.556106
0.183238
0.338794
0.402412
0.325933
0.391505
0.362773
0.372619
0.52589
0.35642
0.401693
0.493464
0.349378
0.395697
0.37926
0.403101
0.348246
0.436054
0.274877
0.539519
0.473016
0.463262
0.467828
0.497031
0.333572
0.327103
0.285433
0.334889
0.350331
0.366245
0.496867
0.493333
0.36478
0.128315
0.491279
0.462672
0.45823
0.356204
0.551601
0.326637
0.315789
0.378332
0.336735
0.360459
0.417044
0.278246
0.333804
0.43844
0.313004
0.431993
0.360313
0.302112
0.529808
0.443627
0.386182
0.387387
0.333333
0.425904
0.453722
0.408537
0.362791
0.494488
0.363085
0.332707
0.337925
0.350166
0.346829
0.389764
0.387283
0.343987
0.474088
0.427165
0.318054
0.309524
0.360839
0.385534
0.428313
0.109379
0.378838
0.33948
0.372337
0.377798
0.338281
0.310642
0.371758
0.340131
0.386326
0.330563
0.44896
0.481033
0.410206
0.443241
0.409118
0.450882
0.361933
0.339766
0.330139
0.426667
0.360609
0.332027
0.337308
0.340739
0.326066
0.444905
0.425126
0.47963
0.146732
0.432178
0.363975
0.386261
0.303097
0.310932
0.327935
0.33444
0.341292
0.416336
0.445804
0.448766
0.561939
0.467497
0.348948
0.359756
0.454629
0.453762
0.336182
0.390951
0.347406
0.319334
0.194422
0.114343
0.351145
0.395926
0.423729
0.446489
0.362052
0.377522
0.397336
0.38854
0.319422
0.331826
0.485536
0.383962
0.397826
0.478931
0.414733
0.4287
0.31832
0.442559
0.320346
0.338843
0.329377
0.369176
0.447592
0.400588
0.315115
0.298883
0.29875
0.401462
0.418745
0.360776
0.395821
0.299065
0.395279
0.349103
0.344103
0.385954
0.360788
0.408414
0.401442
0.469793
0.312692
0.509129
0.377639
0.365403
0.460097
0.302619
0.30035
0.440448
0.351299
0.33683
0.304683
0.30848
0.300068
0.285351
0.299718
0.287122
0.394286
0.376499
0.350043
0.433871
0.468343
0.418403
0.0984033
0.316467
0.384633
0.401718
0.283224
0.429007
0.356881
0.383068
0.336966
0.397145
0.323448
0.345306
0.431925
0.318113
0.376471
0.314592
0.437391
0.321321
0.358809
0.291587
0.341234
0.321892
0.533654
0.530391
0.386989
0.295928
0.301394
0.433304
0.2795
0.38371
0.367347
0.354839
0.348297
0.370029
0.431447
0.325771
0.296425
0.297022
0.297998
0.306733
0.417732
0.373777
0.403263
0.283806
0.302985
0.358491
0.368159
0.417466
0.33753
0.304368
0.304173
0.346899
0.344182
0.381119
0.410312
0.320306
0.311387
0.31007
0.313067
0.440778
0.393167
0.30418
0.297473
0.343511
0.311426
0.294341
0.454915
0.297074
0.295207
0.284534
0.547489
0.300658
0.355269
0.320381
0.325127
0.422154
0.393681
0.331148
0.373791
0.470915
0.313392
0.42326
0.176799
0.500923
0.348688
0.400121
0.415146
0.353899
0.280517
0.467136
0.372001
0.261381
0.308366
0.319679
0.348114
0.427238
0.439954
0.299368
0.449704
0.286239
0.288462
0.300529
0.302957
0.301971
0.271218
0.302442
0.306099
0.314345
0.310692
0.376327
0.434221
0.418517
0.388389
0.35635
0.369176
0.316145
0.446685
0.332518
0.32437
0.369589
0.349354
0.3222
0.353137
0.449297
0.379279
0.436778
0.364841
0.208393
0.375925
0.371255
0.382203
0.363433
0.380875
0.32665
0.393939
0.414439
0.420806
0.301418
0.434651
0.360822
0.426796
0.395472
0.361451
0.398402
0.500404
0.413434
0.392306
0.357003
0.385508
0.358164
0.512144
0.516542
0.321704
0.32643
0.412709
0.402029
0.484198
0.482009
0.321676
0.393211
0.345867
0.411208
0.341831
0.437752
0.403553
0.386044
0.346496
0.418263
0.218135
0.396369
0.300167
0.303285
0.415463
0.297177
0.301512
0.304784
0.372414
0.336404
0.481175
0.296131
0.358749
0.357923
0.369293
0.200121
0.33385
0.454051
0.33413
0.292517
0.329545
0.446995
0.360502
0.557024
0.4616
0.467803
0.318597
0.354297
0.40302
0.457299
0.342194
0.294033
0.377536
0.530626
0.313357
0.451691
0.381247
0.482826
0.424747
0.503185
0.372814
0.267452
0.366035
0.336263
0.467482
0.413271
0.403524
0.29978
0.404501
0.355216
0.344854
0.364829
0.275887
0.369645
0.406441
0.342746
0.325146
0.343003
0.429245
0.486964
0.395438
0.315088
0.368099
0.3472
0.263695
0.314845
0.346344
0.304918
0.321622
0.283255
0.368672
0.518832
0.271055
0.28122
0.291467
0.346022
0.343891
0.535055
0.333333
0.321909
0.494891
0.466191
0.478032
0.448889
0.440741
0.439623
0.289048
0.443016
0.364685
0.439597
0.262584
0.344074
0.338123
0.437222
0.426252
0.536853
0.469605
0.486781
0.33498
0.349903
0.479424
0.356514
0.363462
0.302481
0.416419
0.386894
0.439232
0.306344
0.359837
0.335199
0.352225
0.363572
0.501647
0.443137
0.47669
0.466119
0.284287
0.395985
0.352601
0.430159
0.555556
0.391152
0.469799
0.376538
0.32777
0.425407
0.429194
0.232615
0.496568
0.308953
0.307647
0.333198
0.438792
0.533491
0.305286
0.29153
0.292589
0.298153
0.307864
0.306748
0.303785
0.296234
0.298507
0.299292
0.303768
0.387363
0.319352
0.307216
0.370957
0.296494
0.300161
0.531967
0.299112
0.295912
0.305769
0.306177
0.302538
0.304813
0.299435
0.303833
0.297352
0.297051
0.306032
0.31021
0.311449
0.297174
0.296322
0.292213
0.305241
0.306673
0.293839
0.293713
0.322097
0.327342
0.485666
0.296989
0.314897
0.307007
0.325
0.332273
0.318856
0.392197
0.326705
0.29775
0.299407
0.299526
0.305041
0.302399
0.293375
0.296375
0.309056
0.297849
0.307113
0.295569
0.303778
0.306913
0.301432
0.301842
0.297018
0.300057
0.302348
0.29923
0.297417
0.310613
0.304662
0.30614
0.301505
0.289202
0.318819
0.299703
0.295112
0.30177
0.302583
0.303475
0.290963
0.299179
0.297208
0.30828
0.355133
0.288092
0.33786
0.30086
0.298387
0.306495
0.301167
0.300088
0.320965
0.362183
0.32252
0.301508
0.296991
0.294362
0.298034
0.333977
0.301698
0.293503
0.301845
0.293015
0.294325
0.29972
0.310005
0.305271
0.304951
0.299904
0.300964
0.295569
0.296274
0.300469
0.3004
0.298521
0.302535
0.29648
0.295678
0.304461
0.453097
0.298805
0.305945
0.302981
0.295603
0.302182
0.302352
0.315839
0.305094
0.30303
0.309127
0.299251
0.306947
0.30646
0.298335
0.307549
0.306818
0.301618
0.304415
0.289936
0.49635
0.490323
0.301075
0.305179
0.305304
0.302448
0.305785
0.306709
0.298361
0.308756
0.29614
0.29828
0.485102
0.524809
0.324038
0.297521
0.303523
0.293617
0.296417
0.305007
0.301691
0.296517
0.295407
0.31814
0.297254
0.292348
0.292361
0.300841
0.292189
0.294085
0.299548
0.297202
0.296537
0.306176
0.304432
0.302748
0.310818
0.304318
0.298969
0.302419
0.314437
0.294048
0.297904
0.300642
0.307393
0.288023
0.308696
0.296688
0.299368
0.29816
0.303912
0.298578
0.300515
0.306954
0.302158
0.304954
0.300313
0.303756
0.29878
0.36064
0.301477
0.304418
0.307413
0.306845
0.304236
0.299536
0.496691
0.454495
0.430464
0.478182
0.452342
0.353247
0.549815
0.297977
0.298851
0.311485
0.309334
0.307904
0.304054
0.302767
0.477391
0.523129
0.444641
0.391304
0.291237
0.337641
0.298485
0.310404
0.133328
0.172854
0.53307
0.300509
0.467666
0.302595
0.30086
0.308491
0.308832
0.300873
0.304666
0.30753
0.295291
0.297269
0.299254
0.30429
0.302218
0.301971
0.304167
0.292778
0.300905
0.300923
0.301466
0.305103
0.301344
0.300657
0.304329
0.307912
0.295004
0.295201
0.442152
0.51723
0.300876
0.306667
0.300493
0.42934
0.384335
0.306555
0.29643
0.518506
0.300981
0.304641
0.310181
0.30412
0.301088
0.303279
0.292224
0.297273
0.293972
0.304372
0.306865
0.30465
0.303187
0.297771
0.30762
0.301035
0.593598
0.561306
0.521198
0.292337
0.304517
0.290117
0.54223
0.548605
0.405653
0.454867
0.319134
0.306883
0.212936
0.384259
0.462894
0.523359
0.545428
0.549787
0.531272
0.545533
0.539898
0.30991
0.3
0.294118
0.45
0.499157
0.458333
0.556492
0.26157
0.308464
0.296916
0.516231
0.550788
0.54784
0.540891
0.44971
0.403811
0.393186
0.467143
0.533811
0.51299
0.512548
0.178141
0.473272
0.300131
0.406114
0.547117
0.551006
0.557537
0.516279
0.296117
0.542659
0.55415
0.383057
0.523343
0.538124
0.41844
0.54441
0.534954
0.554404
0.547023
0.540494
0.555743
0.589091
0.579673
0.521272
0.106405
0.302002
0.565142
0.54193
0.546205
0.561254
0.519868
0.57242
0.56676
0.55092
0.552782
0.492929
0.551423
0.545038
0.542034
0.571879
0.536262
0.538651
0.374508
0.461952
0.410475
0.553474
0.516229
0.520383
0.520282
0.565498
0.533431
0.596223
0.310411
0.258673
0.286098
0.384359
0.363692
0.378794
0.419136
0.559154
0.548858
0.298677
0.362621
0.305755
0.498608
0.339181
0.248169
0.29595
0.297883
0.302715
0.385036
0.396789
0.301508
0.527785
0.476944
0.546457
0.54494
0.564166
0.545276
0.434764
0.488471
0.559032
0.561815
0.421228
0.496391
0.29892
0.295503
0.295203
0.297791
0.30152
0.350371
0.307118
0.54535
0.297386
0.296488
0.537608
0.362213
0.548578
0.55968
0.508671
0.548079
0.297818
0.293814
0.558419
0.546166
0.361484
0.445378
0.364653
0.300578
0.298742
0.299594
0.439774
0.399663
0.364688
0.37148
0.352296
0.397448
0.386905
0.401869
0.404056
0.358437
0.399076
0.444444
0.412587
0.432035
0.357115
0.367165
0.430918
0.418047
0.452019
0.377635
0.396381
0.332698
0.419059
0.38369
0.383838
0.411765
0.322333
0.381245
0.373656
0.326061
0.43254
0.388112
0.413359
0.434619
0.37776
0.444444
0.427288
0.385143
0.371087
0.321886
0.341749
0.435164
0.46072
0.487741
0.418853
0.460282
0.384246
0.403197
0.397287
0.37606
0.290523
0.385906
0.447917
0.407484
0.423146
0.383038
0.413018
0.401869
0.425757
0.476415
0.353163
0.374338
0.375817
0.352069
0.37037
0.375425
0.399436
0.325541
0.318378
0.374776
0.383264
0.385017
0.404578
0.382576
0.388906
0.40297
0.437838
0.338224
0.433759
0.451115
0.355431
0.327301
0.330088
0.391242
0.450947
0.363378
0.359291
0.408233
0.403074
0.466338
0.421099
0.335227
0.309591
0.377234
0.327465
0.402655
0.422263
0.392587
0.450813
0.462585
0.440737
0.373023
0.374678
0.402206
0.367669
0.406367
0.433521
0.441459
0.454106
0.469291
0.377375
0.459124
0.417563
0.417104
0.417945
0.42246
0.374523
0.332423
0.376482
0.293069
0.461589
0.442574
0.53012
0.329358
0.308547
0.456522
0.388414
0.42439
0.465414
0.460599
0.100145
0.35
0.407991
0.411102
0.383073
0.412051
0.35149
0.35689
0.366932
0.323251
0.440233
0.40054
0.482642
0.423227
0.389508
0.419444
0.412587
0.428365
0.394407
0.49287
0.449063
0.475975
0.410122
0.447337
0.377605
0.375439
0.497359
0.39888
0.380261
0.429945
0.460552
0.374788
0.411866
0.430037
0.440205
0.38475
0.471392
0.370072
0.37393
0.39299
0.38835
0.421559
0.449251
0.452639
0.517165
0.372749
0.165915
0.406141
0.375337
0.372409
0.457748
0.442879
0.468172
0.149924
0.42128
0.247063
0.177781
